//Mi autoretrato//
size(500,385);
background(255);


//línea 1//

noStroke();
fill(19,15,15);
rect(210,40,5,5);
rect(215,40,5,5);
fill(16,13,15);
rect(220,40,5,5);
fill(13,10,12);
rect(225,40,5,5);
fill(16,13,15);
rect(230,40,5,5);
rect(235,40,5,5);
fill(18,15,15);
rect(240,40,5,5);
fill(22,17,14);
rect(245,40,5,5);
fill(25,18,15);
rect(250,40,5,5);
fill(38,27,17);
rect(255,40,5,5);
fill(41,29,19);
rect(260,40,5,5);
fill(40,28,18);
rect(265,40,5,5);
fill(41,29,19);
rect(270,40,5,5);

//Línea 2//

noStroke();
fill(22,17,14);
rect(200,45,5,5);
fill(19,15,14);
rect(205,45,5,5);
fill(30,23,16);
rect(210,45,5,5);
fill(22,19,15);
rect(215,45,5,5);
fill(17,14,15);
rect(220,45,5,5);
rect(225,45,5,5);
fill(26,23,20);
rect(230,45,5,5);
fill(19,16,15);
rect(235,45,5,5);
fill(13,10,12);
rect(240,45,5,5);
fill(13,11,13);
rect(245,45,5,5);
fill(20,16,15);
rect(250,45,5,5);
fill(39,29,19);
rect(255,45,5,5);
fill(43,28,20);
rect(260,45,5,5);
fill(47,29,21);
rect(265,45,5,5);
fill(44,31,21);
rect(270,45,5,5);
fill(40,28,19);
rect(275,45,5,5);
fill(38,25,17);
rect(280,45,5,5);

//Línea 3//

noStroke();
fill(21,17,15);
rect(200,50,5,5);
fill(23,18,15);
rect(205,50,5,5);
fill(31,25,18);
rect(210,50,5,5);
fill(40,29,23);
rect(215,50,5,5);
fill(27,19,17);
rect(220,50,5,5);
fill(28,21,18);
rect(225,50,5,5);
fill(28,19,17);
rect(230,50,5,5);
fill(16,13,15);
rect(235,50,5,5);
fill(22,17,15);
rect(240,50,5,5);
fill(23,18,15);
rect(245,50,5,5);
fill(19,15,15);
rect(250,50,5,5);
fill(23,18,16);
rect(255,50,5,5);
fill(36,24,16);
rect(260,50,5,5);
fill(46,34,22);
rect(265,50,5,5);
fill(50,35,24);
rect(270,50,5,5);
fill(38,25,17);
rect(275,50,5,5);
fill(45,31,20);
rect(280,50,5,5);
fill(40,28,18);
rect(285,50,5,5);
fill(45,29,21);
rect(290,50,5,5);
fill(44,28,21);
rect(295,50,5,5);
fill(44,30,20);
rect(300,50,5,5);

//Línea 4//

noStroke();
fill(22,17,15);
rect(200,55,5,5);
fill(20,16,16);
rect(205,55,5,5);
fill(17,16,15);
rect(210,55,5,5);
fill(20,17,15);
rect(215,55,5,5);
fill(32,23,17);
rect(220,55,5,5);
fill(36,28,17);
rect(225,55,5,5);
fill(34,26,16);
rect(230,55,5,5);
fill(36,26,18);
rect(235,55,5,5);
fill(25,16,15);
rect(240,55,5,5);
fill(18,15,15);
rect(245,55,5,5);
fill(27,19,15);
rect(250,55,5,5);
fill(17,14,15);
rect(255,55,5,5);
fill(26,17,15);
rect(260,55,5,5);
fill(40,27,17);
rect(265,55,5,5);
fill(56,39,26);
rect(270,55,5,5);
fill(42,29,21);
rect(275,55,5,5);
fill(34,25,17);
rect(280,55,5,5);
fill(42,31,20);
rect(285,55,5,5);
fill(47,31,22);
rect(290,55,5,5);
fill(46,33,21);
rect(295,55,5,5);
fill(49,31,23);
rect(300,55,5,5);
fill(49,31,23);
rect(305,55,5,5);
fill(50,34,24);
rect(310,55,5,5);

//Línea 5//

noStroke();
fill(24,19,15);
rect(190,60,5,5);
fill(25,20,15);
rect(195,60,5,5);
fill(25,21,16);
rect(200,60,5,5);
fill(15,12,14);
rect(205,60,5,5);
fill(17,14,15);
rect(210,60,5,5);
fill(11,8,12);
rect(215,60,5,5);
fill(13,10,12);
rect(220,60,5,5);
fill(29,21,17);
rect(225,60,5,5);
fill(28,20,15);
rect(230,60,5,5);
fill(25,17,14);
rect(235,60,5,5);
fill(36,23,15);
rect(240,60,5,5);
fill(40,26,18);
rect(245,60,5,5);
fill(25,18,15);
rect(250,60,5,5);
fill(33,23,16);
rect(255,60,5,5);
fill(21,17,15);
rect(260,60,5,5);
fill(25,16,15);
rect(265,60,5,5);
fill(31,21,15);
rect(270,60,5,5);
fill(37,24,18);
rect(275,60,5,5);
fill(40,27,19);
rect(280,60,5,5);
fill(40,31,21);
rect(285,60,5,5);
fill(45,35,26);
rect(290,60,5,5);
fill(26,18,16);
rect(295,60,5,5);
fill(43,30,18);
rect(300,60,5,5);
fill(66,50,34);
rect(305,60,5,5);
fill(57,43,30);
rect(310,60,5,5);
fill(48,34,22);
rect(315,60,5,5);

//Línea 6//
noStroke();
fill(27,20,15);
rect(190,65,5,5);
fill(29,22,16);
rect(195,65,5,5);
fill(31,23,16);
rect(200,65,5,5);
fill(18,15,15);
rect(205,65,5,5);
fill(25,22,18);
rect(210,65,5,5);
fill(13,10,13);
rect(215,65,5,5);
fill(11,8,11);
rect(220,65,5,5);
fill(19,15,15);
rect(225,65,5,5);
fill(16,13,15);
rect(230,65,5,5);
fill(13,10,13);
rect(235,65,5,5);
fill(33,22,14);
rect(240,65,5,5);
fill(21,15,14);
rect(245,65,5,5);
fill(31,19,13);
rect(250,65,5,5);
fill(36,24,17);
rect(255,65,5,5);
fill(22,16,12);
rect(260,65,5,5);
fill(19,15,15);
rect(265,65,5,5);
fill(24,17,15);
rect(270,65,5,5);
fill(23,16,14);
rect(275,65,5,5);
fill(39,26,18);
rect(280,65,5,5);
fill(41,28,20);
rect(285,65,5,5);
fill(35,26,17);
rect(290,65,5,5);
fill(39,29,20);
rect(295,65,5,5);
fill(40,30,21);
rect(300,65,5,5);
fill(40,27,17);
rect(305,65,5,5);
fill(51,33,24);
rect(310,65,5,5);
fill(54,38,25);
rect(315,65,5,5);
fill(50,34,24);
rect(320,65,5,5);

//Línea 7//

noStroke();
fill(29,21,14);
rect(185,70,5,5);
fill(36,29,19);
rect(190,70,5,5);
fill(36,27,19);
rect(195,70,5,5);
fill(39,28,22);
rect(200,70,5,5);
fill(18,15,15);
rect(205,70,5,5);
fill(16,13,15);
rect(210,70,5,5);
fill(11,8,12);
rect(215,70,5,5);
fill(19,16,16);
rect(220,70,5,5);
fill(12,9,11);
rect(225,70,5,5);
fill(19,15,15);
rect(230,70,5,5);
fill(17,14,15);
rect(235,70,5,5);
fill(13,10,13);
rect(240,70,5,5);
fill(35,24,15);
rect(245,70,5,5);
fill(17,14,15);
rect(250,70,5,5);
fill(38,24,15);
rect(255,70,5,5);
fill(33,22,14);
rect(260,70,5,5);
fill(25,17,14);
rect(265,70,5,5);
fill(31,21,15);
rect(270,70,5,5);
fill(46,28,20);
rect(275,70,5,5);
fill(41,28,15);
rect(280,70,5,5);
fill(41,28,19);
rect(285,70,5,5);
fill(44,30,22);
rect(290,70,5,5);
fill(42,27,20);
rect(295,70,5,5);
fill(44,30,22);
rect(300,70,5,5);
fill(25,16,15);
rect(305,70,5,5);
fill(48,32,20);
rect(310,70,5,5);
fill(58,42,29);
rect(315,70,5,5);
fill(60,43,32);
rect(320,70,5,5);
fill(50,34,24);
rect(325,70,5,5);

//Línea 8//

noStroke();
fill(35,27,17);
rect(185,75,5,5);
fill(38,31,19);
rect(190,75,5,5);
fill(19,15,15);
rect(195,75,5,5);
fill(34,26,19);
rect(200,75,5,5);
fill(22,16,15);
rect(205,75,5,5);
fill(25,18,15);
rect(210,75,5,5);
fill(18,15,15);
rect(215,75,5,5);
fill(20,16,15);
rect(220,75,5,5);
fill(18,15,15);
rect(225,75,5,5);
fill(15,11,13);
rect(230,75,5,5);
fill(15,11,13);
rect(235,75,5,5);
fill(24,15,14);
rect(240,75,5,5);
fill(18,15,15);
rect(245,75,5,5);
fill(39,26,17);
rect(250,75,5,5);
fill(20,16,15);
rect(255,75,5,5);
fill(20,14,15);
rect(260,75,5,5);
fill(39,26,16);
rect(265,75,5,5);
fill(38,22,15);
rect(270,75,5,5);
fill(30,20,15);
rect(275,75,5,5);
fill(45,31,23);
rect(280,75,5,5);
fill(43,30,20);
rect(285,75,5,5);
fill(38,24,17);
rect(290,75,5,5);
fill(42,30,21);
rect(295,75,5,5);
fill(32,24,16);
rect(300,75,5,5);
fill(34,23,18);
rect(305,75,5,5);
fill(19,15,15);
rect(310,75,5,5);
fill(44,29,22);
rect(315,75,5,5);
fill(50,34,22);
rect(320,75,5,5);
fill(63,45,32);
rect(325,75,5,5);
fill(41,28,20);
rect(330,75,5,5);

//Línea 9//

noStroke();
fill(29,22,15);
rect(180,80,5,5);
fill(37,27,18);
rect(185,80,5,5);
fill(48,35,26);
rect(190,80,5,5);
fill(20,17,15);
rect(195,80,5,5);
fill(29,21,17);
rect(200,80,5,5);
fill(25,17,14);
rect(205,80,5,5);
fill(20,16,15);
rect(210,80,5,5);
fill(22,18,15);
rect(215,80,5,5);
fill(21,15,15);
rect(220,80,5,5);
fill(26,17,14);
rect(225,80,5,5);
fill(26,16,14);
rect(230,80,5,5);
fill(16,13,15);
rect(235,80,5,5);
fill(17,14,15);
rect(240,80,5,5);
fill(20,16,15);
rect(245,80,5,5);
fill(25,16,13);
rect(250,80,5,5);
fill(42,28,20);
rect(255,80,5,5);
fill(20,15,15);
rect(260,80,5,5);
fill(30,19,15);
rect(265,80,5,5);
fill(42,25,18);
rect(270,80,5,5);
fill(30,20,15);
rect(275,80,5,5);
fill(40,27,19);
rect(280,80,5,5);
fill(51,33,21);
rect(285,80,5,5);
fill(35,24,16);
rect(290,80,5,5);
fill(52,35,25);
rect(295,80,5,5);
fill(43,28,21);
rect(300,80,5,5);
fill(40,27,19);
rect(305,80,5,5);
fill(23,17,14);
rect(310,80,5,5);
fill(48,34,22);
rect(315,80,5,5);
fill(56,39,26);
rect(320,80,5,5);
fill(53,41,28);
rect(325,80,5,5);
fill(51,34,27);
rect(330,80,5,5);
fill(50,34,24);
rect(335,80,5,5);

//Línea 10//

noStroke();
fill(38,30,20);
rect(175,85,5,5);
fill(37,27,18);
rect(180,85,5,5);
fill(42,31,20);
rect(185,85,5,5);
fill(20,16,14);
rect(190,85,5,5);
fill(22,15,14);
rect(195,85,5,5);
fill(35,26,17);
rect(200,85,5,5);
fill(23,15,12);
rect(205,85,5,5);
fill(21,15,15);
rect(210,85,5,5);
fill(25,17,14);
rect(215,85,5,5);
fill(40,24,17);
rect(220,85,5,5);
fill(44,21,16);
rect(225,85,5,5);
fill(45,24,16);
rect(230,85,5,5);
fill(23,15,12);
rect(235,85,5,5);
fill(19,15,15);
rect(240,85,5,5);
fill(23,16,14);
rect(245,85,5,5);
fill(23,15,15);
rect(250,85,5,5);
fill(43,26,16);
rect(255,85,5,5);
fill(40,27,17);
rect(260,85,5,5);
fill(28,20,15);
rect(265,85,5,5);
fill(53,37,22);
rect(270,85,5,5);
fill(27,19,15);
rect(275,85,5,5);
fill(41,28,20);
rect(280,85,5,5);
fill(56,38,28);
rect(285,85,5,5);
fill(33,22,14);
rect(290,85,5,5);
fill(49,31,20);
rect(295,85,5,5);
fill(35,25,17);
rect(300,85,5,5);
fill(40,27,21);
rect(305,85,5,5);
fill(20,14,15);
rect(310,85,5,5);
fill(49,32,23);
rect(315,85,5,5);
fill(51,35,23);
rect(320,85,5,5);
fill(60,41,31);
rect(325,85,5,5);
fill(49,32,23);
rect(330,85,5,5);
fill(52,38,25);
rect(335,85,5,5);
fill(56,38,23);
rect(340,85,5,5);

//Línea 11/

noStroke();
fill(43,34,24);
rect(175,90,5,5);
fill(25,18,15);
rect(180,90,5,5);
fill(36,24,16);
rect(185,90,5,5);
fill(27,19,15);
rect(190,90,5,5);
fill(19,14,15);
rect(195,90,5,5);
fill(37,25,17);
rect(200,90,5,5);
fill(35,27,14);
rect(205,90,5,5);
fill(30,20,16);
rect(210,90,5,5);
fill(24,16,13);
rect(215,90,5,5);
fill(52,28,19);
rect(220,90,5,5);
fill(52,28,19);
rect(225,90,5,5);
fill(55,28,18);
rect(230,90,5,5);
fill(38,22,14);
rect(235,90,5,5);
fill(36,21,14);
rect(240,90,5,5);
fill(23,15,15);
rect(245,90,5,5);
fill(28,18,16);
rect(250,90,5,5);
fill(23,15,15);
rect(255,90,5,5);
fill(40,24,17);
rect(260,90,5,5);
fill(31,23,15);
rect(265,90,5,5);
fill(35,26,17);
rect(270,90,5,5);
fill(28,21,18);
rect(275,90,5,5);
fill(37,27,18);
rect(280,90,5,5);
fill(48,30,19);
rect(285,90,5,5);
fill(38,24,17);
rect(290,90,5,5);
fill(35,24,15);
rect(295,90,5,5);
fill(51,34,25);
rect(300,90,5,5);
fill(47,30,23);
rect(305,90,5,5);
fill(36,24,16);
rect(310,90,5,5);
fill(46,32,20);
rect(315,90,5,5);
fill(51,33,24);
rect(320,90,5,5);
fill(47,30,23);
rect(325,90,5,5);
fill(63,46,31);
rect(330,90,5,5);
fill(61,42,28);
rect(335,90,5,5);
fill(62,40,26);
rect(340,90,5,5);

//Línea 12//

noStroke();
fill(42,33,26);
rect(170,95,5,5);
fill(20,16,15);
rect(175,95,5,5);
fill(24,18,15);
rect(180,95,5,5);
fill(37,28,19);
rect(185,95,5,5);
fill(24,16,13);
rect(190,95,5,5);
fill(33,20,13);
rect(195,95,5,5);
fill(35,23,15);
rect(200,95,5,5);
fill(40,24,16);
rect(205,95,5,5);
fill(24,15,14);
rect(210,95,5,5);
fill(39,22,16);
rect(215,95,5,5);
fill(36,21,14);
rect(220,95,5,5);
fill(57,30,17);
rect(225,95,5,5);
fill(67,34,20);
rect(230,95,5,5);
fill(66,38,24);
rect(235,95,5,5);
fill(49,27,18);
rect(240,95,5,5);
fill(36,21,14);
rect(245,95,5,5);
fill(35,22,14);
rect(250,95,5,5);
fill(33,20,13);
rect(255,95,5,5);
fill(42,29,18);
rect(260,95,5,5);
fill(30,19,15);
rect(265,95,5,5);
fill(43,28,21);
rect(270,95,5,5);
fill(22,16,15);
rect(275,95,5,5);
fill(20,17,15);
rect(280,95,5,5);
fill(39,23,15);
rect(285,95,5,5);
fill(28,19,15);
rect(290,95,5,5);
fill(35,24,16);
rect(295,95,5,5);
fill(53,34,25);
rect(300,95,5,5);
fill(35,27,17);
rect(305,95,5,5);
fill(42,25,18);
rect(310,95,5,5);
fill(37,25,17);
rect(315,95,5,5);
fill(43,30,22);
rect(320,95,5,5);
fill(48,31,22);
rect(325,95,5,5);
fill(61,44,27);
rect(330,95,5,5);
fill(67,51,35);
rect(335,95,5,5);
fill(63,47,36);
rect(340,95,5,5);

//Línea 13//

noStroke();
fill(29,24,15);
rect(170,100,5,5);
fill(20,16,15);
rect(175,100,5,5);
fill(22,16,12);
rect(180,100,5,5);
fill(25,17,14);
rect(185,100,5,5);
fill(17,14,15);
rect(190,100,5,5);
fill(41,24,16);
rect(195,100,5,5);
fill(41,24,16);
rect(200,100,5,5);
fill(43,26,18);
rect(205,100,5,5);
fill(32,19,13);
rect(210,100,5,5);
fill(37,20,13);
rect(215,100,5,5);
fill(36,21,13);
rect(220,100,5,5);
fill(53,29,18);
rect(225,100,5,5);
fill(83,47,31);
rect(230,100,5,5);
fill(80,48,31);
rect(235,100,5,5);
fill(58,32,19);
rect(240,100,5,5);
fill(48,27,18);
rect(245,100,5,5);
fill(40,23,15);
rect(250,100,5,5);
fill(49,31,21);
rect(255,100,5,5);
fill(47,27,18);
rect(260,100,5,5);
fill(44,27,19);
rect(265,100,5,5);
fill(41,28,19);
rect(270,100,5,5);
fill(37,22,14);
rect(275,100,5,5);
fill(17,14,15);
rect(280,100,5,5);
fill(34,22,15);
rect(285,100,5,5);
fill(23,17,13);
rect(290,100,5,5);
fill(35,24,16);
rect(295,100,5,5);
fill(49,31,20);
rect(300,100,5,5);
fill(54,35,21);
rect(305,100,5,5);
fill(54,38,25);
rect(310,100,5,5);
fill(45,28,21);
rect(315,100,5,5);
fill(47,29,20);
rect(320,100,5,5);
fill(69,47,33);
rect(325,100,5,5);
fill(64,45,30);
rect(330,100,5,5);
fill(72,54,40);
rect(335,100,5,5);
fill(50,32,21);
rect(340,100,5,5);

//Línea 14//

noStroke();
fill(28,22,17);
rect(170,105,5,5);
fill(25,20,16);
rect(175,105,5,5);
fill(29,21,15);
rect(180,105,5,5);
fill(19,14,15);
rect(185,105,5,5);
fill(25,16,13);
rect(190,105,5,5);
fill(42,25,17);
rect(195,105,5,5);
fill(49,27,18);
rect(200,105,5,5);
fill(47,26,17);
rect(205,105,5,5);
fill(50,26,18);
rect(210,105,5,5);
fill(45,25,19);
rect(215,105,5,5);
fill(59,31,19);
rect(220,105,5,5);
fill(54,30,21);
rect(225,105,5,5);
fill(79,43,23);
rect(230,105,5,5);
fill(92,55,40);
rect(235,105,5,5);
fill(90,55,36);
rect(240,105,5,5);
fill(80,49,27);
rect(245,105,5,5);
fill(69,37,22);
rect(250,105,5,5);
fill(86,48,35);
rect(255,105,5,5);
fill(80,52,41);
rect(260,105,5,5);
fill(70,43,30);
rect(265,105,5,5);
fill(45,25,19);
rect(270,105,5,5);
fill(35,22,14);
rect(275,105,5,5);
fill(37,25,17);
rect(280,105,5,5);
fill(27,21,15);
rect(285,105,5,5);
fill(27,19,15);
rect(290,105,5,5);
fill(31,21,15);
rect(295,105,5,5);
fill(47,29,20);
rect(300,105,5,5);
fill(51,33,24);
rect(305,105,5,5);
fill(59,34,21);
rect(310,105,5,5);
fill(54,36,26);
rect(315,105,5,5);
fill(47,29,19);
rect(320,105,5,5);
fill(57,35,22);
rect(325,105,5,5);
fill(81,58,45);
rect(330,105,5,5);
fill(61,41,30);
rect(335,105,5,5);
fill(77,60,43);
rect(340,105,5,5);
fill(57,38,27);
rect(345,105,5,5);

//Línea 15//

noStroke();
fill(27,21,17);
rect(170,110,5,5);
fill(31,23,17);
rect(175,110,5,5);
fill(34,25,19);
rect(180,110,5,5);
fill(16,13,15);
rect(185,110,5,5);
fill(40,22,16);
rect(190,110,5,5);
fill(50,28,17);
rect(195,110,5,5);
fill(50,24,17);
rect(200,110,5,5);
fill(50,26,17);
rect(205,110,5,5);
fill(55,27,17);
rect(210,110,5,5);
fill(54,30,19);
rect(215,110,5,5);
fill(63,34,19);
rect(220,110,5,5);
fill(74,42,27);
rect(225,110,5,5);
fill(73,40,25);
rect(230,110,5,5);
fill(101,61,44);
rect(235,110,5,5);
fill(101,63,49);
rect(240,110,5,5);
fill(112,74,57);
rect(245,110,5,5);
fill(113,77,60);
rect(250,110,5,5);
fill(112,75,57);
rect(255,110,5,5);
fill(98,61,43);
rect(260,110,5,5);
fill(123,87,70);
rect(265,110,5,5);
fill(114,80,64);
rect(270,110,5,5);
fill(84,50,38);
rect(275,110,5,5);
fill(54,30,19);
rect(280,110,5,5);
fill(36,22,16);
rect(285,110,5,5);
fill(16,13,15);
rect(290,110,5,5);
fill(22,17,15);
rect(295,110,5,5);
fill(47,30,23);
rect(300,110,5,5);
fill(64,42,29);
rect(305,110,5,5);
fill(62,42,31);
rect(310,110,5,5);
fill(61,43,30);
rect(315,110,5,5);
fill(45,31,23);
rect(320,110,5,5);
fill(44,31,23);
rect(325,110,5,5);
fill(72,49,33);
rect(330,110,5,5);
fill(73,54,38);
rect(335,110,5,5);
fill(73,56,41);
rect(340,110,5,5);
fill(58,41,33);
rect(345,110,5,5);

//Línea 16//

noStroke();
fill(23,18,15);
rect(170,115,5,5);
fill(33,24,16);
rect(175,115,5,5);
fill(28,20,16);
rect(180,115,5,5);
fill(18,15,15);
rect(185,115,5,5);
fill(34,19,13);
rect(190,115,5,5);
fill(55,28,16);
rect(195,115,5,5);
fill(56,30,18);
rect(200,115,5,5);
fill(55,28,17);
rect(205,115,5,5);
fill(58,30,17);
rect(210,115,5,5);
fill(58,30,17);
rect(215,115,5,5);
fill(68,35,20);
rect(220,115,5,5);
fill(74,42,26);
rect(225,115,5,5);
fill(91,53,34);
rect(230,115,5,5);
fill(112,68,49);
rect(235,115,5,5);
fill(112,71,49);
rect(240,115,5,5);
fill(120,81,64);
rect(245,115,5,5);
fill(132,90,72);
rect(250,115,5,5);
fill(118,81,62);
rect(255,115,5,5);
fill(122,76,67);
rect(260,115,5,5);
fill(123,85,68);
rect(265,115,5,5);
fill(129,92,73);
rect(270,115,5,5);
fill(127,89,75);
rect(275,115,5,5);
fill(95,60,48);
rect(280,115,5,5);
fill(63,39,27);
rect(285,115,5,5);
fill(25,18,15);
rect(290,115,5,5);
fill(19,14,15);
rect(295,115,5,5);
fill(19,14,15);
rect(300,115,5,5);
fill(54,32,22);
rect(305,115,5,5);
fill(60,41,27);
rect(310,115,5,5);
fill(69,47,33);
rect(315,115,5,5);
fill(30,20,16);
rect(320,115,5,5);
fill(50,31,25);
rect(325,115,5,5);
fill(59,40,25);
rect(330,115,5,5);
fill(76,58,44);
rect(335,115,5,5);
fill(73,52,39);
rect(340,115,5,5);
fill(67,49,35);
rect(345,115,5,5);

//Línea 17//

noStroke();
fill(18,16,16);
rect(165,120,5,5);
fill(21,19,15);
rect(170,120,5,5);
fill(29,21,15);
rect(175,120,5,5);
fill(24,16,13);
rect(180,120,5,5);
fill(18,15,15);
rect(185,120,5,5);
fill(36,22,15);
rect(190,120,5,5);
fill(56,29,19);
rect(195,120,5,5);
fill(61,33,19);
rect(200,120,5,5);
fill(57,28,16);
rect(205,120,5,5);
fill(68,35,20);
rect(210,120,5,5);
fill(71,35,19);
rect(215,120,5,5);
fill(79,47,30);
rect(220,120,5,5);
fill(87,51,32);
rect(225,120,5,5);
fill(102,62,45);
rect(230,120,5,5);
fill(108,69,51);
rect(235,120,5,5);
fill(113,73,56);
rect(240,120,5,5);
fill(126,85,66);
rect(245,120,5,5);
fill(135,92,73);
rect(250,120,5,5);
fill(136,93,72);
rect(255,120,5,5);
fill(129,88,69);
rect(260,120,5,5);
fill(129,89,71);
rect(265,120,5,5);
fill(138,97,80);
rect(270,120,5,5);
fill(135,94,77);
rect(275,120,5,5);
fill(141,104,87);
rect(280,120,5,5);
fill(108,72,57);
rect(285,120,5,5);
fill(69,40,32);
rect(290,120,5,5);
fill(24,15,14);
rect(295,120,5,5);
fill(24,15,13);
rect(300,120,5,5);
fill(35,24,16);
rect(305,120,5,5);
fill(73,50,36);
rect(310,120,5,5);
fill(51,35,23);
rect(315,120,5,5);
fill(63,47,33);
rect(320,120,5,5);
fill(40,26,18);
rect(325,120,5,5);
fill(49,32,24);
rect(330,120,5,5);
fill(75,58,42);
rect(335,120,5,5);
fill(80,62,46);
rect(340,120,5,5);
fill(67,48,35);
rect(345,120,5,5);

//Línea 18//

noStroke();
fill(17,14,15);
rect(165,125,5,5);
fill(17,14,15);
rect(170,125,5,5);
fill(31,25,16);
rect(175,125,5,5);
fill(23,16,14);
rect(180,125,5,5);
fill(23,15,12);
rect(185,125,5,5);
fill(46,24,17);
rect(190,125,5,5);
fill(58,32,19);
rect(195,125,5,5);
fill(60,31,17);
rect(200,125,5,5);
fill(61,33,19);
rect(205,125,5,5);
fill(65,33,18);
rect(210,125,5,5);
fill(72,39,24);
rect(215,125,5,5);
fill(82,46,32);
rect(220,125,5,5);
fill(86,50,31);
rect(225,125,5,5);
fill(99,58,43);
rect(230,125,5,5);
fill(112,70,54);
rect(235,125,5,5);
fill(117,78,60);
rect(240,125,5,5);
fill(124,84,68);
rect(245,125,5,5);
fill(132,90,72);
rect(250,125,5,5);
fill(132,89,70);
rect(255,125,5,5);
fill(131,88,69);
rect(260,125,5,5);
fill(133,91,74);
rect(265,125,5,5);
fill(136,95,78);
rect(270,125,5,5);
fill(135,98,83);
rect(275,125,5,5);
fill(142,104,88);
rect(280,125,5,5);
fill(141,103,89);
rect(285,125,5,5);
fill(103,71,56);
rect(290,125,5,5);
fill(44,21,17);
rect(295,125,5,5);
fill(21,15,15);
rect(300,125,5,5);
fill(25,16,14);
rect(305,125,5,5);
fill(58,38,24);
rect(310,125,5,5);
fill(64,46,31);
rect(315,125,5,5);
fill(63,45,35);
rect(320,125,5,5);
fill(41,26,19);
rect(325,125,5,5);
fill(44,30,20);
rect(330,125,5,5);
fill(38,22,16);
rect(335,125,5,5);
fill(72,51,36);
rect(340,125,5,5);
fill(71,51,40);
rect(345,125,5,5);
fill(69,49,35);
rect(350,125,5,5);

//Línea 19//

noStroke();
fill(22,18,15);
rect(165,130,5,5);
fill(20,16,15);
rect(170,130,5,5);
fill(28,21,18);
rect(175,130,5,5);
fill(17,14,15);
rect(180,130,5,5);
fill(17,14,15);
rect(185,130,5,5);
fill(51,27,19);
rect(190,130,5,5);
fill(57,30,17);
rect(195,130,5,5);
fill(60,29,19);
rect(200,130,5,5);
fill(67,34,20);
rect(205,130,5,5);
fill(68,36,21);
rect(210,130,5,5);
fill(71,39,26);
rect(215,130,5,5);
fill(80,44,30);
rect(220,130,5,5);
fill(87,50,34);
rect(225,130,5,5);
fill(93,54,38);
rect(230,130,5,5);
fill(108,68,52);
rect(235,130,5,5);
fill(115,73,56);
rect(240,130,5,5);
fill(119,78,62);
rect(245,130,5,5);
fill(129,83,65);
rect(250,130,5,5);
fill(135,91,72);
rect(255,130,5,5);
fill(135,92,71);
rect(260,130,5,5);
fill(131,91,74);
rect(265,130,5,5);
fill(141,101,85);
rect(270,130,5,5);
fill(141,113,86);
rect(275,130,5,5);
fill(137,100,85);
rect(280,130,5,5);
fill(131,96,80);
rect(285,130,5,5);
fill(116,85,72);
rect(290,130,5,5);
fill(74,51,44);
rect(295,130,5,5);
fill(18,13,15);
rect(300,130,5,5);
fill(21,15,15);
rect(305,130,5,5);
fill(30,20,15);
rect(310,130,5,5);
fill(61,39,26);
rect(315,130,5,5);
fill(69,48,36);
rect(320,130,5,5);
fill(61,43,30);
rect(325,130,5,5);
fill(43,30,21);
rect(330,130,5,5);
fill(36,23,15);
rect(335,130,5,5);
fill(52,34,22);
rect(340,130,5,5);
fill(74,53,36);
rect(345,130,5,5);
fill(69,50,34);
rect(350,130,5,5);

//Línea 20//

noStroke();
fill(174,84,22);
rect(155,135,5,5);
fill(255);
rect(160,135,5,5);
fill(17,14,15);
rect(165,135,5,5);
fill(26,18,16);
rect(170,135,5,5);
fill(16,13,15);
rect(175,135,5,5);
fill(16,12,15);
rect(180,135,5,5);
fill(27,17,14);
rect(185,135,5,5);
fill(53,31,19);
rect(190,135,5,5);
fill(60,32,20);
rect(195,135,5,5);
fill(61,33,19);
rect(200,135,5,5);
fill(44,24,18);
rect(205,135,5,5);
fill(38,22,16);
rect(210,135,5,5);
fill(34,19,13);
rect(215,135,5,5);
fill(30,19,15);
rect(220,135,5,5);
fill(37,23,16);
rect(225,135,5,5);
fill(50,26,18);
rect(230,135,5,5);
fill(81,50,36);
rect(235,135,5,5);
fill(92,56,42);
rect(240,135,5,5);
fill(104,67,52);
rect(245,135,5,5);
fill(118,77,60);
rect(250,135,5,5);
fill(128,85,67);
rect(255,135,5,5);
fill(135,91,72);
rect(260,135,5,5);
fill(137,96,80);
rect(265,135,5,5);
fill(133,92,73);
rect(270,135,5,5);
fill(140,99,84);
rect(275,135,5,5);
fill(124,86,69);
rect(280,135,5,5);
fill(94,53,37);
rect(285,135,5,5);
fill(75,41,29);
rect(290,135,5,5);
fill(73,46,34);
rect(295,135,5,5);
fill(40,25,20);
rect(300,135,5,5);
fill(32,19,14);
rect(305,135,5,5);
fill(21,15,15);
rect(310,135,5,5);
fill(37,22,15);
rect(315,135,5,5);
fill(47,29,21);
rect(320,135,5,5);
fill(67,45,34);
rect(325,135,5,5);
fill(42,29,19);
rect(330,135,5,5);
fill(36,24,16);
rect(335,135,5,5);
fill(39,26,17);
rect(340,135,5,5);
fill(56,38,23);
rect(345,135,5,5);
fill(68,48,29);
rect(350,135,5,5);
fill(64,43,27);
rect(355,135,5,5);

//Línea 21//

noStroke();
fill(146,67,28);
rect(150,140,5,5);
fill(189,96,31);
rect(155,140,5,5);
fill(134,72,29);
rect(160,140,5,5);
fill(17,14,15);
rect(165,140,5,5);
fill(16,13,15);
rect(170,140,5,5);
fill(20,16,15);
rect(175,140,5,5);
fill(13,10,12);
rect(180,140,5,5);
fill(23,15,14);
rect(185,140,5,5);
fill(53,31,21);
rect(190,140,5,5);
fill(57,33,21);
rect(195,140,5,5);
fill(41,23,17);
rect(200,140,5,5);
fill(36,18,12);
rect(205,140,5,5);
fill(56,29,21);
rect(210,140,5,5);
fill(64,37,26);
rect(215,140,5,5);
fill(50,30,22);
rect(220,140,5,5);
fill(49,27,18);
rect(225,140,5,5);
fill(46,21,17);
rect(230,140,5,5);
fill(46,23,18);
rect(235,140,5,5);
fill(54,30,19);
rect(240,140,5,5);
fill(84,51,36);
rect(245,140,5,5);
fill(100,59,44);
rect(250,140,5,5);
fill(119,76,57);
rect(255,140,5,5);
fill(136,90,70);
rect(260,140,5,5);
fill(140,99,82);
rect(265,140,5,5);
fill(144,100,84);
rect(270,140,5,5);
fill(142,100,81);
rect(275,140,5,5);
fill(127,85,69);
rect(280,140,5,5);
fill(119,74,54);
rect(285,140,5,5);
fill(117,78,60);
rect(290,140,5,5);
fill(108,72,57);
rect(295,140,5,5);
fill(92,58,38);
rect(300,140,5,5);
fill(62,34,22);
rect(305,140,5,5);
fill(38,21,15);
rect(310,140,5,5);
fill(24,15,14);
rect(315,140,5,5);
fill(46,26,19);
rect(320,140,5,5);
fill(49,29,19);
rect(325,140,5,5);
fill(64,44,35);
rect(330,140,5,5);
fill(36,21,14);
rect(335,140,5,5);
fill(35,22,14);
rect(340,140,5,5);
fill(41,26,19);
rect(345,140,5,5);
fill(52,34,22);
rect(350,140,5,5);
fill(68,48,29);
rect(355,140,5,5);
fill(68,48,29);
rect(360,140,5,5);
fill(61,39,23);
rect(365,140,5,5);

//Línea 22//

noStroke();
fill(120,57,28);
rect(155,145,5,5);
fill(118,57,28);
rect(160,145,5,5);
fill(45,30,17);
rect(165,145,5,5);
fill(17,14,15);
rect(170,145,5,5);
fill(19,15,15);
rect(175,145,5,5);
fill(16,13,15);
rect(180,145,5,5);
fill(32,20,14);
rect(185,145,5,5);
fill(47,28,22);
rect(190,145,5,5);
fill(49,25,19);
rect(195,145,5,5);
fill(42,23,16);
rect(200,145,5,5);
fill(65,37,25);
rect(205,145,5,5);
fill(73,44,31);
rect(210,145,5,5);
fill(77,44,27);
rect(215,145,5,5);
fill(86,53,38);
rect(220,145,5,5);
fill(81,47,27);
rect(225,145,5,5);
fill(73,41,26);
rect(230,145,5,5);
fill(63,34,20);
rect(235,145,5,5);
fill(60,33,22);
rect(240,145,5,5);
fill(62,33,20);
rect(245,145,5,5);
fill(81,45,31);
rect(250,145,5,5);
fill(95,55,38);
rect(255,145,5,5);
fill(132,86,64);
rect(260,145,5,5);
fill(144,100,81);
rect(265,145,5,5);
fill(152,110,89);
rect(270,145,5,5);
fill(145,100,78);
rect(275,145,5,5);
fill(138,92,69);
rect(280,145,5,5);
fill(113,69,48);
rect(285,145,5,5);
fill(95,53,35);
rect(290,145,5,5);
fill(100,60,43);
rect(295,145,5,5);
fill(101,64,44);
rect(300,145,5,5);
fill(83,46,28);
rect(305,145,5,5);
fill(79,47,30);
rect(310,145,5,5);
fill(81,47,27);
rect(315,145,5,5);
fill(32,19,13);
rect(320,145,5,5);
fill(33,21,14);
rect(325,145,5,5);
fill(51,31,21);
rect(330,145,5,5);
fill(64,40,28);
rect(335,145,5,5);
fill(44,27,18);
rect(340,145,5,5);
fill(29,17,15);
rect(345,145,5,5);
fill(37,22,14);
rect(350,145,5,5);
fill(37,23,16);
rect(355,145,5,5);
fill(58,38,24);
rect(360,145,5,5);
fill(68,43,23);
rect(365,145,5,5);
fill(60,38,23);
rect(370,145,5,5);
fill(59,37,22);
rect(375,145,5,5);
fill(67,46,31);
rect(380,145,5,5);

//Línea 23//

noStroke();
fill(104,47,26);
rect(160,150,5,5);
fill(23,21,17);
rect(165,150,5,5);
fill(17,14,15);
rect(170,150,5,5);
fill(17,14,15);
rect(175,150,5,5);
fill(15,11,14);
rect(180,150,5,5);
fill(31,19,14);
rect(185,150,5,5);
fill(51,28,21);
rect(190,150,5,5);
fill(46,26,19);
rect(195,150,5,5);
fill(55,31,22);
rect(200,150,5,5);
fill(58,29,19);
rect(205,150,5,5);
fill(62,32,21);
rect(210,150,5,5);
fill(71,38,21);
rect(215,150,5,5);
fill(93,57,39);
rect(220,150,5,5);
fill(96,55,35);
rect(225,150,5,5);
fill(106,66,47);
rect(230,150,5,5);
fill(92,58,38);
rect(235,150,5,5);
fill(68,39,25);
rect(240,150,5,5);
fill(52,25,16);
rect(245,150,5,5);
fill(55,28,16);
rect(250,150,5,5);
fill(76,39,20);
rect(255,150,5,5);
fill(127,81,59);
rect(260,150,5,5);
fill(148,104,81);
rect(265,150,5,5);
fill(161,118,98);
rect(270,150,5,5);
fill(147,103,80);
rect(275,150,5,5);
fill(113,69,46);
rect(280,150,5,5);
fill(94,50,31);
rect(285,150,5,5);
fill(87,45,26);
rect(290,150,5,5);
fill(87,45,23);
rect(295,150,5,5);
fill(95,55,38);
rect(300,150,5,5);
fill(95,58,38);
rect(305,150,5,5);
fill(94,57,37);
rect(310,150,5,5);
fill(98,62,43);
rect(315,150,5,5);
fill(108,71,52);
rect(320,150,5,5);
fill(71,39,26);
rect(325,150,5,5);
fill(42,25,17);
rect(330,150,5,5);
fill(42,23,16);
rect(335,150,5,5);
fill(46,25,16);
rect(340,150,5,5);
fill(56,36,25);
rect(345,150,5,5);
fill(42,25,18);
rect(350,150,5,5);
fill(46,28,20);
rect(355,150,5,5);
fill(42,25,17);
rect(360,150,5,5);
fill(56,35,24);
rect(365,150,5,5);
fill(65,42,26);
rect(370,150,5,5);
fill(61,38,23);
rect(375,150,5,5);
fill(65,42,26);
rect(380,150,5,5);
fill(55,33,18);
rect(385,150,5,5);
fill(68,48,29);
rect(390,150,5,5);
fill(68,48,29);
rect(395,150,5,5);

//Línea 24//

noStroke();
fill(24,18,22);
rect(165,155,5,5);
fill(8,15,24);
rect(170,155,5,5);
fill(17,14,15);
rect(175,155,5,5);
fill(15,11,14);
rect(180,155,5,5);
fill(35,22,14);
rect(185,155,5,5);
fill(53,31,21);
rect(190,155,5,5);
fill(58,35,24);
rect(195,155,5,5);
fill(55,33,22);
rect(200,155,5,5);
fill(52,28,18);
rect(205,155,5,5);
fill(49,25,18);
rect(210,155,5,5);
fill(39,23,15);
rect(215,155,5,5);
fill(46,26,19);
rect(220,155,5,5);
fill(46,26,19);
rect(225,155,5,5);
fill(91,57,37);
rect(230,155,5,5);
fill(100,64,46);
rect(235,155,5,5);
fill(88,55,41);
rect(240,155,5,5);
fill(52,28,18);
rect(245,155,5,5);
fill(41,20,15);
rect(250,155,5,5);
fill(64,31,17);
rect(255,155,5,5);
fill(120,77,56);
rect(260,155,5,5);
fill(154,112,91);
rect(265,155,5,5);
fill(163,123,100);
rect(270,155,5,5);
fill(147,99,75);
rect(275,155,5,5);
fill(102,60,43);
rect(280,155,5,5);
fill(88,44,25);
rect(285,155,5,5);
fill(69,34,18);
rect(290,155,5,5);
fill(28,18,15);
rect(295,155,5,5);
fill(22,14,16);
rect(300,155,5,5);
fill(36,26,22);
rect(305,155,5,5);
fill(59,42,35);
rect(310,155,5,5);
fill(82,39,19);
rect(315,155,5,5);
fill(117,78,54);
rect(320,155,5,5);
fill(117,80,60);
rect(325,155,5,5);
fill(48,25,19);
rect(330,155,5,5);
fill(37,19,12);
rect(335,155,5,5);
fill(42,25,17);
rect(340,155,5,5);
fill(42,23,16);
rect(345,155,5,5);
fill(56,34,21);
rect(350,155,5,5);
fill(45,25,19);
rect(355,155,5,5);
fill(58,39,24);
rect(360,155,5,5);
fill(67,46,31);
rect(365,155,5,5);
fill(68,48,29);
rect(370,155,5,5);
fill(67,46,31);
rect(375,155,5,5);
fill(68,48,29);
rect(380,155,5,5);
fill(58,36,21);
rect(385,155,5,5);

//Línea 25//

noStroke();
fill(14,14,18);
rect(170,160,5,5);
fill(11,8,12);
rect(175,160,5,5);
fill(11,8,12);
rect(180,160,5,5);
fill(39,23,16);
rect(185,160,5,5);
fill(52,32,22);
rect(190,160,5,5);
fill(54,34,23);
rect(195,160,5,5);
fill(48,25,19);
rect(200,160,5,5);
fill(39,23,16);
rect(205,160,5,5);
fill(21,15,15);
rect(210,160,5,5);
fill(31,22,20);
rect(215,160,5,5);
fill(24,15,13);
rect(220,160,5,5);
fill(21,17,17);
rect(225,160,5,5);
fill(52,45,48);
rect(230,160,5,5);
fill(56,45,43);
rect(235,160,5,5);
fill(75,43,28);
rect(240,160,5,5);
fill(58,34,24);
rect(245,160,5,5);
fill(44,23,16);
rect(250,160,5,5);
fill(58,27,15);
rect(255,160,5,5);
fill(107,61,42);
rect(260,160,5,5);
fill(153,109,87);
rect(265,160,5,5);
fill(162,114,90);
rect(270,160,5,5);
fill(134,89,66);
rect(275,160,5,5);
fill(117,76,60);
rect(280,160,5,5);
fill(76,40,24);
rect(285,160,5,5);
fill(60,41,35);
rect(290,160,5,5);
fill(37,18,11);
rect(295,160,5,5);
fill(39,26,20);
rect(300,160,5,5);
fill(69,66,59);
rect(305,160,5,5);
fill(89,76,65);
rect(310,160,5,5);
fill(52,31,25);
rect(315,160,5,5);
fill(78,45,30);
rect(320,160,5,5);
fill(113,77,54);
rect(325,160,5,5);
fill(79,47,31);
rect(330,160,5,5);
fill(20,15,15);
rect(335,160,5,5);
fill(19,14,15);
rect(340,160,5,5);
fill(35,20,13);
rect(345,160,5,5);
fill(35,24,15);
rect(350,160,5,5);
fill(41,24,18);
rect(355,160,5,5);
fill(49,27,18);
rect(360,160,5,5);
fill(52,28,17);
rect(365,160,5,5);
fill(61,39,25);
rect(370,160,5,5);
fill(68,47,31);
rect(375,160,5,5);
fill(62,41,25);
rect(380,160,5,5);
fill(59,37,22);
rect(385,160,5,5);

//Línea 26//

noStroke();
fill(15,14,17);
rect(170,165,5,5);
fill(18,15,17);
rect(175,165,5,5);
fill(13,10,13);
rect(180,165,5,5);
fill(47,28,22);
rect(185,165,5,5);
fill(54,32,22);
rect(190,165,5,5);
fill(57,33,21);
rect(195,165,5,5);
fill(48,27,18);
rect(200,165,5,5);
fill(17,14,15);
rect(205,165,5,5);
fill(24,15,15);
rect(210,165,5,5);
fill(34,20,16);
rect(215,165,5,5);
fill(28,18,15);
rect(220,165,5,5);
fill(26,15,14);
rect(225,165,5,5);
fill(38,28,26);
rect(230,165,5,5);
fill(46,28,26);
rect(235,165,5,5);
fill(61,33,22);
rect(240,165,5,5);
fill(57,29,17);
rect(245,165,5,5);
fill(49,25,16);
rect(250,165,5,5);
fill(58,30,17);
rect(255,165,5,5);
fill(103,60,39);
rect(260,165,5,5);
fill(134,84,62);
rect(265,165,5,5);
fill(161,115,96);
rect(270,165,5,5);
fill(146,102,80);
rect(275,165,5,5);
fill(131,87,64);
rect(280,165,5,5);
fill(76,41,28);
rect(285,165,5,5);
fill(64,34,23);
rect(290,165,5,5);
fill(28,18,17);
rect(295,165,5,5);
fill(73,50,42);
rect(300,165,5,5);
fill(97,68,57);
rect(305,165,5,5);
fill(107,79,68);
rect(310,165,5,5);
fill(111,75,57);
rect(315,165,5,5);
fill(101,65,47);
rect(320,165,5,5);
fill(123,79,59);
rect(325,165,5,5);
fill(100,60,39);
rect(330,165,5,5);
fill(41,19,15);
rect(335,165,5,5);
fill(32,20,13);
rect(340,165,5,5);
fill(23,15,14);
rect(345,165,5,5);
fill(39,23,16);
rect(350,165,5,5);
fill(49,31,20);
rect(355,165,5,5);
fill(55,38,28);
rect(360,165,5,5);
fill(57,34,20);
rect(365,165,5,5);
fill(57,38,23);
rect(370,165,5,5);
fill(68,46,30);
rect(375,165,5,5);
fill(60,38,24);
rect(380,165,5,5);
fill(59,38,23);
rect(385,165,5,5);
fill(56,35,20);
rect(390,165,5,5);

//Línea 27//

noStroke();
fill(43,20,16);
rect(165,170,5,5);
fill(30,18,17);
rect(170,170,5,5);
fill(25,19,16);
rect(175,170,5,5);
fill(15,12,14);
rect(180,170,5,5);
fill(49,31,21);
rect(185,170,5,5);
fill(59,34,22);
rect(190,170,5,5);
fill(56,29,18);
rect(195,170,5,5);
fill(52,28,18);
rect(200,170,5,5);
fill(52,28,19);
rect(205,170,5,5);
fill(48,27,18);
rect(210,170,5,5);
fill(50,29,23);
rect(215,170,5,5);
fill(59,35,27);
rect(220,170,5,5);
fill(74,44,33);
rect(225,170,5,5);
fill(75,46,33);
rect(230,170,5,5);
fill(71,43,28);
rect(235,170,5,5);
fill(59,33,20);
rect(240,170,5,5);
fill(51,27,19);
rect(245,170,5,5);
fill(50,24,16);
rect(250,170,5,5);
fill(60,31,17);
rect(255,170,5,5);
fill(97,55,39);
rect(260,170,5,5);
fill(127,81,61);
rect(265,170,5,5);
fill(155,105,82);
rect(270,170,5,5);
fill(161,114,88);
rect(275,170,5,5);
fill(131,91,69);
rect(280,170,5,5);
fill(118,82,64);
rect(285,170,5,5);
fill(99,58,43);
rect(290,170,5,5);
fill(103,62,45);
rect(295,170,5,5);
fill(114,72,53);
rect(300,170,5,5);
fill(133,90,67);
rect(305,170,5,5);
fill(138,95,70);
rect(310,170,5,5);
fill(144,101,78);
rect(315,170,5,5);
fill(141,98,74);
rect(320,170,5,5);
fill(139,95,71);
rect(325,170,5,5);
fill(133,87,64);
rect(330,170,5,5);
fill(77,38,23);
rect(335,170,5,5);
fill(30,19,14);
rect(340,170,5,5);
fill(35,22,14);
rect(345,170,5,5);
fill(21,15,15);
rect(350,170,5,5);
fill(42,25,17);
rect(355,170,5,5);
fill(66,44,31);
rect(360,170,5,5);
fill(63,45,32);
rect(365,170,5,5);
fill(43,26,18);
rect(370,170,5,5);
fill(60,41,26);
rect(375,170,5,5);
fill(59,39,24);
rect(380,170,5,5);
fill(58,37,21);
rect(385,170,5,5);
fill(55,34,19);
rect(390,170,5,5);

//Línea 28//

noStroke();
fill(47,21,16);
rect(165,175,5,5);
fill(55,29,21);
rect(170,175,5,5);
fill(32,22,17);
rect(175,175,5,5);
fill(16,13,15);
rect(180,175,5,5);
fill(55,33,22);
rect(185,175,5,5);
fill(63,36,25);
rect(190,175,5,5);
fill(67,38,24);
rect(195,175,5,5);
fill(63,34,20);
rect(200,175,5,5);
fill(58,32,19);
rect(205,175,5,5);
fill(57,31,18);
rect(210,175,5,5);
fill(63,34,20);
rect(215,175,5,5);
fill(77,46,33);
rect(220,175,5,5);
fill(85,52,37);
rect(225,175,5,5);
fill(74,45,32);
rect(230,175,5,5);
fill(69,42,33);
rect(235,175,5,5);
fill(58,31,20);
rect(240,175,5,5);
fill(53,25,16);
rect(245,175,5,5);
fill(58,30,17);
rect(250,175,5,5);
fill(57,27,17);
rect(255,175,5,5);
fill(94,51,35);
rect(260,175,5,5);
fill(137,90,74);
rect(265,175,5,5);
fill(164,119,97);
rect(270,175,5,5);
fill(167,123,98);
rect(275,175,5,5);
fill(156,112,89);
rect(280,175,5,5);
fill(142,102,84);
rect(285,175,5,5);
fill(119,83,67);
rect(290,175,5,5);
fill(112,74,57);
rect(295,175,5,5);
fill(127,88,70);
rect(300,175,5,5);
fill(127,90,71);
rect(305,175,5,5);
fill(144,103,82);
rect(310,175,5,5);
fill(151,108,86);
rect(315,175,5,5);
fill(156,113,93);
rect(320,175,5,5);
fill(158,114,92);
rect(325,175,5,5);
fill(154,104,84);
rect(330,175,5,5);
fill(96,52,34);
rect(335,175,5,5);
fill(29,16,15);
rect(340,175,5,5);
fill(32,20,14);
rect(345,175,5,5);
fill(36,21,14);
rect(350,175,5,5);
fill(32,20,14);
rect(355,175,5,5);
fill(59,37,26);
rect(360,175,5,5);
fill(63,44,32);
rect(365,175,5,5);
fill(59,41,26);
rect(370,175,5,5);
fill(66,43,30);
rect(375,175,5,5);
fill(59,40,26);
rect(380,175,5,5);
fill(55,36,22);
rect(385,175,5,5);
fill(94,51,35);
rect(390,175,5,5);

//Línea 29//

noStroke();
fill(54,20,15);
rect(165,180,5,5);
fill(50,20,16);
rect(170,180,5,5);
fill(37,23,17);
rect(175,180,5,5);
fill(11,8,11);
rect(180,180,5,5);
fill(54,34,25);
rect(185,180,5,5);
fill(62,35,26);
rect(190,180,5,5);
fill(66,34,23);
rect(195,180,5,5);
fill(66,34,23);
rect(200,180,5,5);
fill(70,37,20);
rect(205,180,5,5);
fill(81,46,29);
rect(210,180,5,5);
fill(83,47,31);
rect(215,180,5,5);
fill(87,51,37);
rect(220,180,5,5);
fill(88,56,44);
rect(225,180,5,5);
fill(89,55,44);
rect(230,180,5,5);
fill(78,46,35);
rect(235,180,5,5);
fill(78,46,33);
rect(240,180,5,5);
fill(67,35,24);
rect(245,180,5,5);
fill(57,27,17);
rect(250,180,5,5);
fill(57,27,17);
rect(255,180,5,5);
fill(89,46,30);
rect(260,180,5,5);
fill(135,86,67);
rect(265,180,5,5);
fill(163,117,96);
rect(270,180,5,5);
fill(163,117,96);
rect(275,180,5,5);
fill(162,112,89);
rect(280,180,5,5);
fill(167,123,101);
rect(285,180,5,5);
fill(158,116,98);
rect(290,180,5,5);
fill(147,107,90);
rect(295,180,5,5);
fill(136,96,80);
rect(300,180,5,5);
fill(136,91,73);
rect(305,180,5,5);
fill(143,99,81);
rect(310,180,5,5);
fill(140,97,78);
rect(315,180,5,5);
fill(149,107,88);
rect(320,180,5,5);
fill(158,115,95);
rect(325,180,5,5);
fill(164,115,95);
rect(330,180,5,5);
fill(133,83,60);
rect(335,180,5,5);
fill(24,14,15);
rect(340,180,5,5);
fill(24,14,15);
rect(345,180,5,5);
fill(33,17,14);
rect(350,180,5,5);
fill(32,18,14);
rect(355,180,5,5);
fill(41,24,18);
rect(360,180,5,5);
fill(58,38,27);
rect(365,180,5,5);
fill(49,31,21);
rect(370,180,5,5);
fill(67,47,32);
rect(375,180,5,5);
fill(59,40,26);
rect(380,180,5,5);
fill(58,38,24);
rect(385,180,5,5);

//Línea 30//

noStroke();
fill(54,20,15);
rect(170,185,5,5);
fill(41,18,15);
rect(175,185,5,5);
fill(13,10,12);
rect(180,185,5,5);
fill(57,37,28);
rect(185,185,5,5);
fill(63,36,25);
rect(190,185,5,5);
fill(69,37,24);
rect(195,185,5,5);
fill(76,40,23);
rect(200,185,5,5);
fill(83,46,28);
rect(205,185,5,5);
fill(85,49,30);
rect(210,185,5,5);
fill(84,47,31);
rect(215,185,5,5);
fill(93,56,40);
rect(220,185,5,5);
fill(95,58,45);
rect(225,185,5,5);
fill(86,50,34);
rect(230,185,5,5);
fill(78,45,30);
rect(235,185,5,5);
fill(58,29,18);
rect(240,185,5,5);
fill(58,29,18);
rect(245,185,5,5);
fill(55,25,15);
rect(250,185,5,5);
fill(62,30,17);
rect(255,185,5,5);
fill(88,43,30);
rect(260,185,5,5);
fill(141,87,68);
rect(265,185,5,5);
fill(154,99,80);
rect(270,185,5,5);
fill(158,104,85);
rect(275,185,5,5);
fill(170,123,100);
rect(280,185,5,5);
fill(170,123,100);
rect(285,185,5,5);
fill(154,113,96);
rect(290,185,5,5);
fill(141,95,78);
rect(295,185,5,5);
fill(142,97,80);
rect(300,185,5,5);
fill(144,95,77);
rect(305,185,5,5);
fill(148,98,77);
rect(310,185,5,5);
fill(150,101,83);
rect(315,185,5,5);
fill(166,118,98);
rect(320,185,5,5);
fill(176,126,105);
rect(325,185,5,5);
fill(175,125,105);
rect(330,185,5,5);
fill(155,102,78);
rect(335,185,5,5);
fill(29,16,16);
rect(340,185,5,5);
fill(19,14,16);
rect(345,185,5,5);
fill(33,18,14);
rect(350,185,5,5);
fill(39,23,15);
rect(355,185,5,5);
fill(57,38,31);
rect(360,185,5,5);
fill(51,33,24);
rect(365,185,5,5);
fill(62,42,29);
rect(370,185,5,5);
fill(58,38,25);
rect(375,185,5,5);
fill(57,38,24);
rect(380,185,5,5);
fill(68,46,30);
rect(385,185,5,5);

//Línea 31

noStroke();
fill(52,18,15);
rect(170,190,5,5);
fill(52,20,15);
rect(175,190,5,5);
fill(33,22,14);
rect(180,190,5,5);
fill(57,37,28);
rect(185,190,5,5);
fill(64,37,26);
rect(190,190,5,5);
fill(63,31,18);
rect(195,190,5,5);
fill(72,36,22);
rect(200,190,5,5);
fill(79,41,23);
rect(205,190,5,5);
fill(88,47,31);
rect(210,190,5,5);
fill(97,59,43);
rect(215,190,5,5);
fill(95,56,41);
rect(220,190,5,5);
fill(90,48,34);
rect(225,190,5,5);
fill(86,50,33);
rect(230,190,5,5);
fill(81,44,28);
rect(235,190,5,5);
fill(67,35,22);
rect(240,190,5,5);
fill(52,25,16);
rect(245,190,5,5);
fill(59,28,17);
rect(250,190,5,5);
fill(64,32,21);
rect(255,190,5,5);
fill(90,43,31);
rect(260,190,5,5);
fill(128,77,62);
rect(265,190,5,5);
fill(159,108,91);
rect(270,190,5,5);
fill(163,113,93);
rect(275,190,5,5);
fill(159,106,82);
rect(280,190,5,5);
fill(170,125,100);
rect(285,190,5,5);
fill(160,114,93);
rect(290,190,5,5);
fill(152,103,83);
rect(295,190,5,5);
fill(151,106,89);
rect(300,190,5,5);
fill(153,104,88);
rect(305,190,5,5);
fill(152,103,82);
rect(310,190,5,5);
fill(162,109,90);
rect(315,190,5,5);
fill(165,116,94);
rect(320,190,5,5);
fill(178,128,108);
rect(325,190,5,5);
fill(180,129,106);
rect(330,190,5,5);
fill(157,104,80);
rect(335,190,5,5);
fill(63,34,20);
rect(340,190,5,5);
fill(19,14,15);
rect(345,190,5,5);
fill(28,18,16);
rect(350,190,5,5);
fill(38,22,14);
rect(355,190,5,5);
fill(40,23,15);
rect(360,190,5,5);
fill(60,40,29);
rect(365,190,5,5);
fill(64,45,30);
rect(370,190,5,5);
fill(57,39,26);
rect(375,190,5,5);
fill(54,35,22);
rect(380,190,5,5);
fill(51,32,20);
rect(385,190,5,5);

//Línea 32

noStroke();
fill(48,20,15);
rect(170,195,5,5);
fill(49,22,17);
rect(175,195,5,5);
fill(23,16,14);
rect(180,195,5,5);
fill(54,33,25);
rect(185,195,5,5);
fill(65,41,29);
rect(190,195,5,5);
fill(60,32,20);
rect(195,195,5,5);
fill(67,33,21);
rect(200,195,5,5);
fill(80,42,26);
rect(205,195,5,5);
fill(87,45,31);
rect(210,195,5,5);
fill(94,52,36);
rect(215,195,5,5);
fill(94,53,37);
rect(220,195,5,5);
fill(92,54,39);
rect(225,195,5,5);
fill(86,49,37);
rect(230,195,5,5);
fill(79,41,28);
rect(235,195,5,5);
fill(64,32,19);
rect(240,195,5,5);
fill(53,26,17);
rect(245,195,5,5);
fill(64,31,22);
rect(250,195,5,5);
fill(68,35,20);
rect(255,195,5,5);
fill(90,47,34);
rect(260,195,5,5);
fill(126,75,59);
rect(265,195,5,5);
fill(152,96,83);
rect(270,195,5,5);
fill(166,113,96);
rect(275,195,5,5);
fill(159,106,90);
rect(280,195,5,5);
fill(141,102,82);
rect(285,195,5,5);
fill(153,100,77);
rect(290,195,5,5);
fill(153,103,83);
rect(295,195,5,5);
fill(157,108,90);
rect(300,195,5,5);
fill(153,106,90);
rect(305,195,5,5);
fill(160,112,92);
rect(310,195,5,5);
fill(161,111,91);
rect(315,195,5,5);
fill(175,126,108);
rect(320,195,5,5);
fill(177,126,103);
rect(325,195,5,5);
fill(180,129,106);
rect(330,195,5,5);
fill(166,116,94);
rect(335,195,5,5);
fill(47,27,21);
rect(340,195,5,5);
fill(23,15,15);
rect(345,195,5,5);
fill(36,22,15);
rect(350,195,5,5);
fill(38,25,16);
rect(355,195,5,5);
fill(48,28,19);
rect(360,195,5,5);
fill(52,35,25);
rect(365,195,5,5);
fill(57,38,26);
rect(370,195,5,5);
fill(57,38,26);
rect(375,195,5,5);

//Línea 33

noStroke();
fill(44,19,16);
rect(175,200,5,5);
fill(35,22,14);
rect(180,200,5,5);
fill(29,19,17);
rect(185,200,5,5);
fill(67,45,34);
rect(190,200,5,5);
fill(63,35,23);
rect(195,200,5,5);
fill(65,33,22);
rect(200,200,5,5);
fill(73,37,23);
rect(205,200,5,5);
fill(77,38,21);
rect(210,200,5,5);
fill(94,53,37);
rect(215,200,5,5);
fill(88,47,31);
rect(220,200,5,5);
fill(94,54,42);
rect(225,200,5,5);
fill(90,48,34);
rect(230,200,5,5);
fill(75,37,24);
rect(235,200,5,5);
fill(47,21,15);
rect(240,200,5,5);
fill(57,27,17);
rect(245,200,5,5);
fill(56,29,17);
rect(250,200,5,5);
fill(63,31,18);
rect(255,200,5,5);
fill(111,63,49);
rect(260,200,5,5);
fill(129,81,67);
rect(265,200,5,5);
fill(154,110,96);
rect(270,200,5,5);
fill(178,129,109);
rect(275,200,5,5);
fill(173,127,105);
rect(280,200,5,5);
fill(169,133,114);
rect(285,200,5,5);
fill(143,86,59);
rect(290,200,5,5);
fill(152,103,82);
rect(295,200,5,5);
fill(148,99,81);
rect(300,200,5,5);
fill(157,108,90);
rect(305,200,5,5);
fill(162,112,92);
rect(310,200,5,5);
fill(168,118,98);
rect(315,200,5,5);
fill(178,129,109);
rect(320,200,5,5);
fill(180,131,111);
rect(325,200,5,5);
fill(184,132,112);
rect(330,200,5,5);
fill(173,121,98);
rect(335,200,5,5);
fill(52,35,28);
rect(340,200,5,5);
fill(23,16,14);
rect(345,200,5,5);
fill(25,16,14);
rect(350,200,5,5);
fill(59,42,34);
rect(355,200,5,5);
fill(51,33,26);
rect(360,200,5,5);
fill(73,54,36);
rect(365,200,5,5);
fill(60,43,30);
rect(370,200,5,5);
fill(54,36,24);
rect(375,200,5,5);

//Línea 34

noStroke();
fill(43,20,16);
rect(175,205,5,5);
fill(39,20,15);
rect(180,205,5,5);
fill(32,22,15);
rect(185,205,5,5);
fill(68,48,42);
rect(190,205,5,5);
fill(60,32,23);
rect(195,205,5,5);
fill(64,32,19);
rect(200,205,5,5);
fill(65,31,21);
rect(205,205,5,5);
fill(85,47,31);
rect(210,205,5,5);
fill(90,48,32);
rect(215,205,5,5);
fill(91,49,33);
rect(220,205,5,5);
fill(90,49,34);
rect(225,205,5,5);
fill(85,47,31);
rect(230,205,5,5);
fill(73,38,25);
rect(235,205,5,5);
fill(61,29,16);
rect(240,205,5,5);
fill(58,29,18);
rect(245,205,5,5);
fill(52,28,19);
rect(250,205,5,5);
fill(49,23,20);
rect(255,205,5,5);
fill(85,43,29);
rect(260,205,5,5);
fill(123,78,62);
rect(265,205,5,5);
fill(150,100,80);
rect(270,205,5,5);
fill(162,119,96);
rect(275,205,5,5);
fill(113,57,38);
rect(280,205,5,5);
fill(166,115,90);
rect(285,205,5,5);
fill(142,90,67);
rect(290,205,5,5);
fill(139,86,66);
rect(295,205,5,5);
fill(146,95,78);
rect(300,205,5,5);
fill(147,89,72);
rect(305,205,5,5);
fill(162,110,89);
rect(310,205,5,5);
fill(173,127,108);
rect(315,205,5,5);
fill(176,128,106);
rect(320,205,5,5);
fill(184,134,113);
rect(325,205,5,5);
fill(184,134,113);
rect(330,205,5,5);
fill(171,121,98);
rect(335,205,5,5);
fill(42,31,27);
rect(340,205,5,5);
fill(20,14,16);
rect(345,205,5,5);
fill(29,20,16);
rect(350,205,5,5);
fill(37,24,16);
rect(355,205,5,5);
fill(58,38,27);
rect(360,205,5,5);
fill(62,45,34);
rect(365,205,5,5);
fill(61,42,29);
rect(370,205,5,5);

//Línea 35

noStroke();
fill(44,23,19);
rect(175,210,5,5);
fill(52,32,24);
rect(180,210,5,5);
fill(36,24,17);
rect(185,210,5,5);
fill(60,41,31);
rect(190,210,5,5);
fill(57,32,25);
rect(195,210,5,5);
fill(61,33,22);
rect(200,210,5,5);
fill(65,33,20);
rect(205,210,5,5);
fill(76,40,26);
rect(210,210,5,5);
fill(81,44,28);
rect(215,210,5,5);
fill(84,45,30);
rect(220,210,5,5);
fill(93,51,36);
rect(225,210,5,5);
fill(90,48,32);
rect(230,210,5,5);
fill(80,42,24);
rect(235,210,5,5);
fill(61,28,16);
rect(240,210,5,5);
fill(35,18,13);
rect(245,210,5,5);
fill(37,16,12);
rect(250,210,5,5);
fill(40,17,13);
rect(255,210,5,5);
fill(72,38,28);
rect(260,210,5,5);
fill(101,60,45);
rect(265,210,5,5);
fill(160,115,96);
rect(270,210,5,5);
fill(154,106,87);
rect(275,210,5,5);
fill(140,90,72);
rect(280,210,5,5);
fill(155,105,85);
rect(285,210,5,5);
fill(152,103,85);
rect(290,210,5,5);
fill(152,106,85);
rect(295,210,5,5);
fill(141,88,67);
rect(300,210,5,5);
fill(153,100,80);
rect(305,210,5,5);
fill(161,111,90);
rect(310,210,5,5);
fill(175,126,108);
rect(315,210,5,5);
fill(178,130,108);
rect(320,210,5,5);
fill(182,135,112);
rect(325,210,5,5);
fill(185,136,115);
rect(330,210,5,5);
fill(142,95,70);
rect(335,210,5,5);
fill(32,20,14);
rect(340,210,5,5);
fill(31,23,20);
rect(345,210,5,5);
fill(35,22,14);
rect(350,210,5,5);
fill(46,33,27);
rect(355,210,5,5);
fill(32,22,17);
rect(360,210,5,5);
fill(65,46,31);
rect(365,210,5,5);
fill(58,41,27);
rect(370,210,5,5);

//Línea 36

noStroke();
fill(50,28,21);
rect(180,215,5,5);
fill(43,26,19);
rect(185,215,5,5);
fill(73,57,49);
rect(190,215,5,5);
fill(57,37,28);
rect(195,215,5,5);
fill(60,33,24);
rect(200,215,5,5);
fill(64,34,24);
rect(205,215,5,5);
fill(65,36,24);
rect(210,215,5,5);
fill(77,40,26);
rect(215,215,5,5);
fill(86,47,32);
rect(220,215,5,5);
fill(87,46,30);
rect(225,215,5,5);
fill(86,44,30);
rect(230,215,5,5);
fill(71,34,16);
rect(235,215,5,5);
fill(62,28,17);
rect(240,215,5,5);
fill(52,23,15);
rect(245,215,5,5);
fill(52,24,16);
rect(250,215,5,5);
fill(50,23,16);
rect(255,215,5,5);
fill(85,43,29);
rect(260,215,5,5);
fill(111,59,41);
rect(265,215,5,5);
fill(145,95,75);
rect(270,215,5,5);
fill(161,113,91);
rect(275,215,5,5);
fill(156,103,84);
rect(280,215,5,5);
fill(158,109,89);
rect(285,215,5,5);
fill(156,107,87);
rect(290,215,5,5);
fill(156,110,88);
rect(295,215,5,5);
fill(146,92,70);
rect(300,215,5,5);
fill(158,109,89);
rect(305,215,5,5);
fill(164,115,95);
rect(310,215,5,5);
fill(172,123,103);
rect(315,215,5,5);
fill(175,122,102);
rect(320,215,5,5);
fill(178,133,110);
rect(325,215,5,5);
fill(185,137,115);
rect(330,215,5,5);
fill(159,119,95);
rect(335,215,5,5);
fill(30,22,17);
rect(340,215,5,5);
fill(45,37,33);
rect(345,215,5,5);
fill(36,24,16);
rect(350,215,5,5);
fill(57,40,30);
rect(355,215,5,5);
fill(39,26,20);
rect(360,215,5,5);
fill(56,38,24);
rect(365,215,5,5);
fill(54,35,23);
rect(370,215,5,5);

//Línea 37

noStroke();
fill(44,26,20);
rect(180,220,5,5);
fill(47,24,18);
rect(185,220,5,5);
fill(62,45,37);
rect(190,220,5,5);
fill(59,39,29);
rect(195,220,5,5);
fill(57,33,21);
rect(200,220,5,5);
fill(61,33,22);
rect(205,220,5,5);
fill(65,33,20);
rect(210,220,5,5);
fill(72,38,26);
rect(215,220,5,5);
fill(83,46,30);
rect(220,220,5,5);
fill(90,51,36);
rect(225,220,5,5);
fill(83,46,28);
rect(230,220,5,5);
fill(77,41,24);
rect(235,220,5,5);
fill(70,34,20);
rect(240,220,5,5);
fill(74,38,26);
rect(245,220,5,5);
fill(70,38,25);
rect(250,220,5,5);
fill(66,32,20);
rect(255,220,5,5);
fill(94,52,36);
rect(260,220,5,5);
fill(113,65,49);
rect(265,220,5,5);
fill(124,69,49);
rect(270,220,5,5);
fill(153,103,83);
rect(275,220,5,5);
fill(162,109,89);
rect(280,220,5,5);
fill(159,110,90);
rect(285,220,5,5);
fill(160,112,92);
rect(290,220,5,5);
fill(158,109,89);
rect(295,220,5,5);
fill(158,108,85);
rect(300,220,5,5);
fill(159,109,86);
rect(305,220,5,5);
fill(160,112,90);
rect(310,220,5,5);
fill(172,124,100);
rect(315,220,5,5);
fill(176,130,108);
rect(320,220,5,5);
fill(178,133,110);
rect(325,220,5,5);
fill(182,136,114);
rect(330,220,5,5);
fill(113,78,65);
rect(335,220,5,5);
fill(23,18,16);
rect(340,220,5,5);
fill(30,22,19);
rect(345,220,5,5);
fill(36,26,19);
rect(350,220,5,5);
fill(62,45,34);
rect(355,220,5,5);
fill(72,54,45);
rect(360,220,5,5);
fill(53,36,22);
rect(365,220,5,5);
fill(49,32,21);
rect(370,220,5,5);

//Línea 38

noStroke();
fill(21,17,17);
rect(185,225,5,5);
fill(58,39,29);
rect(190,225,5,5);
fill(60,40,29);
rect(195,225,5,5);
fill(56,36,27);
rect(200,225,5,5);
fill(57,32,21);
rect(205,225,5,5);
fill(65,37,25);
rect(210,225,5,5);
fill(73,39,27);
rect(215,225,5,5);
fill(80,46,34);
rect(220,225,5,5);
fill(82,47,28);
rect(225,225,5,5);
fill(71,38,21);
rect(230,225,5,5);
fill(74,38,24);
rect(235,225,5,5);
fill(71,38,23);
rect(240,225,5,5);
fill(72,36,24);
rect(245,225,5,5);
fill(80,42,29);
rect(250,225,5,5);
fill(71,33,18);
rect(255,225,5,5);
fill(96,50,34);
rect(260,225,5,5);
fill(115,60,46);
rect(265,225,5,5);
fill(131,76,65);
rect(270,225,5,5);
fill(140,84,72);
rect(275,225,5,5);
fill(156,111,94);
rect(280,225,5,5);
fill(164,115,95);
rect(285,225,5,5);
fill(164,119,97);
rect(290,225,5,5);
fill(157,108,88);
rect(295,225,5,5);
fill(161,113,91);
rect(300,225,5,5);
fill(168,123,100);
rect(305,225,5,5);
fill(166,116,94);
rect(310,225,5,5);
fill(176,132,109);
rect(315,225,5,5);
fill(178,136,113);
rect(320,225,5,5);
fill(181,138,115);
rect(325,225,5,5);
fill(182,138,117);
rect(330,225,5,5);
fill(151,112,92);
rect(335,225,5,5);
fill(35,27,24);
rect(340,225,5,5);
fill(38,32,25);
rect(345,225,5,5);
fill(35,25,23);
rect(350,225,5,5);
fill(68,49,34);
rect(355,225,5,5);
fill(71,52,37);
rect(360,225,5,5);
fill(52,35,25);
rect(365,225,5,5);
fill(49,33,21);
rect(370,225,5,5);
fill(48,32,20);
rect(375,225,5,5);

//Línea 39

noStroke();
fill(23,19,20);
rect(185,230,5,5);
fill(29,23,23);
rect(190,230,5,5);
fill(60,42,34);
rect(195,230,5,5);
fill(55,32,24);
rect(200,230,5,5);
fill(58,34,24);
rect(205,230,5,5);
fill(63,36,25);
rect(210,230,5,5);
fill(65,35,23);
rect(215,230,5,5);
fill(73,41,26);
rect(220,230,5,5);
fill(74,42,29);
rect(225,230,5,5);
fill(73,40,25);
rect(230,230,5,5);
fill(66,37,23);
rect(235,230,5,5);
fill(68,36,25);
rect(240,230,5,5);
fill(69,36,24);
rect(245,230,5,5);
fill(78,33,27);
rect(250,230,5,5);
fill(72,17,23);
rect(255,230,5,5);
fill(75,19,23);
rect(260,230,5,5);
fill(76,20,24);
rect(265,230,5,5);
fill(112,44,47);
rect(270,230,5,5);
fill(119,48,51);
rect(275,230,5,5);
fill(118,45,49);
rect(280,230,5,5);
fill(140,76,70);
rect(285,230,5,5);
fill(158,112,93);
rect(290,230,5,5);
fill(156,112,86);
rect(295,230,5,5);
fill(152,102,81);
rect(300,230,5,5);
fill(169,124,100);
rect(305,230,5,5);
fill(172,127,104);
rect(310,230,5,5);
fill(176,133,111);
rect(315,230,5,5);
fill(179,136,115);
rect(320,230,5,5);
fill(181,138,118);
rect(325,230,5,5);
fill(182,139,119);
rect(330,230,5,5);
fill(158,123,95);
rect(335,230,5,5);
fill(61,57,56);
rect(340,230,5,5);
fill(46,36,26);
rect(345,230,5,5);
fill(56,49,41);
rect(350,230,5,5);
fill(57,48,42);
rect(355,230,5,5);
fill(69,56,39);
rect(360,230,5,5);
fill(55,38,25);
rect(365,230,5,5);
fill(51,34,22);
rect(370,230,5,5);
fill(49,32,20);
rect(375,230,5,5);

//Línea 40

noStroke();
fill(18,16,19);
rect(190,235,5,5);
fill(62,41,32);
rect(195,235,5,5);
fill(57,37,28);
rect(200,235,5,5);
fill(62,35,24);
rect(205,235,5,5);
fill(63,36,25);
rect(210,235,5,5);
fill(65,36,22);
rect(215,235,5,5);
fill(68,36,23);
rect(220,235,5,5);
fill(67,35,22);
rect(225,235,5,5);
fill(71,39,26);
rect(230,235,5,5);
fill(71,39,24);
rect(235,235,5,5);
fill(63,34,20);
rect(240,235,5,5);
fill(60,28,22);
rect(245,235,5,5);
fill(56,16,19);
rect(250,235,5,5);
fill(73,21,23);
rect(255,235,5,5);
fill(77,57,52);
rect(260,235,5,5);
fill(119,106,100);
rect(265,235,5,5);
fill(119,106,100);
rect(270,235,5,5);
fill(119,106,100);
rect(275,235,5,5);
fill(95,76,69);
rect(280,235,5,5);
fill(101,34,34);
rect(285,235,5,5);
fill(131,70,61);
rect(290,235,5,5);
fill(120,69,45);
rect(295,235,5,5);
fill(147,98,72);
rect(300,235,5,5);
fill(167,123,96);
rect(305,235,5,5);
fill(173,129,107);
rect(310,235,5,5);
fill(179,134,109);
rect(315,235,5,5);
fill(185,141,118);
rect(320,235,5,5);
fill(184,142,117);
rect(325,235,5,5);
fill(181,138,118);
rect(330,235,5,5);
fill(45,32,24);
rect(335,235,5,5);
fill(70,66,63);
rect(340,235,5,5);
fill(72,69,62);
rect(345,235,5,5);
fill(87,84,77);
rect(350,235,5,5);
fill(83,59,46);
rect(355,235,5,5);
fill(108,86,67);
rect(360,235,5,5);
fill(58,42,29);
rect(365,235,5,5);
fill(51,35,23);
rect(370,235,5,5);

//Línea 41

noStroke();
fill(17,15,19);
rect(190,240,5,5);
fill(61,42,35);
rect(195,240,5,5);
fill(56,36,27);
rect(200,240,5,5);
fill(58,34,24);
rect(205,240,5,5);
fill(63,36,25);
rect(210,240,5,5);
fill(64,36,24);
rect(215,240,5,5);
fill(71,33,18);
rect(220,240,5,5);
fill(65,36,20);
rect(225,240,5,5);
fill(79,43,27);
rect(230,240,5,5);
fill(69,37,22);
rect(235,240,5,5);
fill(41,15,16);
rect(240,240,5,5);
fill(64,18,22);
rect(245,240,5,5);
fill(64,18,22);
rect(250,240,5,5);
fill(80,23,30);
rect(255,240,5,5);
fill(90,20,30);
rect(260,240,5,5);
fill(111,33,46);
rect(265,240,5,5);
fill(114,41,53);
rect(270,240,5,5);
fill(133,48,59);
rect(275,240,5,5);
fill(136,58,63);
rect(280,240,5,5);
fill(151,80,85);
rect(285,240,5,5);
fill(153,91,85);
rect(290,240,5,5);
fill(130,82,71);
rect(295,240,5,5);
fill(131,83,57);
rect(300,240,5,5);
fill(167,123,100);
rect(305,240,5,5);
fill(175,129,107);
rect(310,240,5,5);
fill(181,137,111);
rect(315,240,5,5);
fill(180,136,113);
rect(320,240,5,5);
fill(183,140,118);
rect(325,240,5,5);
fill(175,134,113);
rect(330,240,5,5);
fill(65,55,46);
rect(335,240,5,5);
fill(64,59,53);
rect(340,240,5,5);
fill(94,95,89);
rect(345,240,5,5);
fill(95,92,87);
rect(350,240,5,5);
fill(76,64,52);
rect(355,240,5,5);
fill(106,85,67);
rect(360,240,5,5);
fill(58,41,28);
rect(365,240,5,5);
fill(55,38,25);
rect(370,240,5,5);

//Línea 42

noStroke();
fill(57,41,32);
rect(195,245,5,5);
fill(57,37,28);
rect(200,245,5,5);
fill(59,34,27);
rect(205,245,5,5);
fill(60,35,25);
rect(210,245,5,5);
fill(66,38,26);
rect(215,245,5,5);
fill(68,40,26);
rect(220,245,5,5);
fill(67,38,24);
rect(225,245,5,5);
fill(85,52,36);
rect(230,245,5,5);
fill(73,39,27);
rect(235,245,5,5);
fill(59,26,19);
rect(240,245,5,5);
fill(56,20,20);
rect(245,245,5,5);
fill(60,19,20);
rect(250,245,5,5);
fill(83,25,29);
rect(255,245,5,5);
fill(99,33,38);
rect(260,245,5,5);
fill(116,48,54);
rect(265,245,5,5);
fill(126,53,60);
rect(270,245,5,5);
fill(148,74,76);
rect(275,245,5,5);
fill(155,87,90);
rect(280,245,5,5);
fill(165,107,103);
rect(285,245,5,5);
fill(170,123,100);
rect(290,245,5,5);
fill(163,118,97);
rect(295,245,5,5);
fill(148,104,81);
rect(300,245,5,5);
fill(164,121,99);
rect(305,245,5,5);
fill(173,129,106);
rect(310,245,5,5);
fill(181,137,114);
rect(315,245,5,5);
fill(179,136,115);
rect(320,245,5,5);
fill(180,140,119);
rect(325,245,5,5);
fill(88,62,51);
rect(330,245,5,5);
fill(64,55,45);
rect(335,245,5,5);
fill(71,62,55);
rect(340,245,5,5);
fill(74,66,53);
rect(345,245,5,5);
fill(53,43,36);
rect(350,245,5,5);
fill(65,49,33);
rect(355,245,5,5);
fill(82,61,42);
rect(360,245,5,5);
fill(68,50,36);
rect(365,245,5,5);
fill(59,41,27);
rect(370,245,5,5);

//Línea 43

noStroke();
fill(56,37,29);
rect(195,250,5,5);
fill(57,38,31);
rect(200,250,5,5);
fill(58,34,24);
rect(205,250,5,5);
fill(57,33,21);
rect(210,250,5,5);
fill(61,35,22);
rect(215,250,5,5);
fill(63,35,23);
rect(220,250,5,5);
fill(69,41,27);
rect(225,250,5,5);
fill(68,39,21);
rect(230,250,5,5);
fill(66,34,21);
rect(235,250,5,5);
fill(61,31,21);
rect(240,250,5,5);
fill(65,33,22);
rect(245,250,5,5);
fill(72,38,26);
rect(250,250,5,5);
fill(79,37,25);
rect(255,250,5,5);
fill(93,40,30);
rect(260,250,5,5);
fill(101,50,38);
rect(265,250,5,5);
fill(138,81,67);
rect(270,250,5,5);
fill(141,91,73);
rect(275,250,5,5);
fill(157,111,89);
rect(280,250,5,5);
fill(163,118,96);
rect(285,250,5,5);
fill(169,123,101);
rect(290,250,5,5);
fill(167,122,99);
rect(295,250,5,5);
fill(160,116,93);
rect(300,250,5,5);
fill(161,121,98);
rect(305,250,5,5);
fill(174,128,103);
rect(310,250,5,5);
fill(180,136,113);
rect(315,250,5,5);
fill(178,136,113);
rect(320,250,5,5);
fill(177,136,115);
rect(325,250,5,5);
fill(88,62,51);
rect(330,250,5,5);
fill(64,57,44);
rect(335,250,5,5);
fill(62,58,51);
rect(340,250,5,5);
fill(60,53,46);
rect(345,250,5,5);
fill(37,26,20);
rect(350,250,5,5);
fill(64,50,37);
rect(355,250,5,5);
fill(81,58,41);
rect(360,250,5,5);
fill(69,49,34);
rect(365,250,5,5);
fill(58,40,26);
rect(370,250,5,5);

//Línea 44

noStroke();
fill(58,40,32);
rect(200,255,5,5);
fill(57,34,26);
rect(205,255,5,5);
fill(56,34,23);
rect(210,255,5,5);
fill(59,35,23);
rect(215,255,5,5);
fill(63,35,24);
rect(220,255,5,5);
fill(65,37,23);
rect(225,255,5,5);
fill(66,37,23);
rect(230,255,5,5);
fill(64,35,19);
rect(235,255,5,5);
fill(60,30,19);
rect(240,255,5,5);
fill(64,34,23);
rect(245,255,5,5);
fill(73,41,26);
rect(250,255,5,5);
fill(84,48,32);
rect(255,255,5,5);
fill(112,67,52);
rect(260,255,5,5);
fill(105,59,44);
rect(265,255,5,5);
fill(121,76,59);
rect(270,255,5,5);
fill(143,98,75);
rect(275,255,5,5);
fill(154,106,84);
rect(280,255,5,5);
fill(161,115,94);
rect(285,255,5,5);
fill(167,121,102);
rect(290,255,5,5);
fill(171,125,104);
rect(295,255,5,5);
fill(166,122,98);
rect(300,255,5,5);
fill(172,133,105);
rect(305,255,5,5);
fill(176,132,109);
rect(310,255,5,5);
fill(180,136,113);
rect(315,255,5,5);
fill(177,133,111);
rect(320,255,5,5);
fill(167,129,104);
rect(325,255,5,5);
fill(57,50,40);
rect(330,255,5,5);
fill(67,60,49);
rect(335,255,5,5);
fill(60,57,51);
rect(340,255,5,5);
fill(42,33,28);
rect(345,255,5,5);
fill(56,43,35);
rect(350,255,5,5);
fill(74,58,40);
rect(355,255,5,5);
fill(63,40,24);
rect(360,255,5,5);
fill(65,45,30);
rect(365,255,5,5);
fill(58,38,25);
rect(370,255,5,5);

//Línea 45

noStroke();
fill(56,36,29);
rect(200,260,5,5);
fill(59,39,31);
rect(205,260,5,5);
fill(56,34,23);
rect(210,260,5,5);
fill(57,30,20);
rect(215,260,5,5);
fill(60,33,22);
rect(220,260,5,5);
fill(59,31,18);
rect(225,260,5,5);
fill(65,37,25);
rect(230,260,5,5);
fill(63,35,23);
rect(235,260,5,5);
fill(68,36,23);
rect(240,260,5,5);
fill(68,36,25);
rect(245,260,5,5);
fill(84,47,29);
rect(250,260,5,5);
fill(92,50,33);
rect(255,260,5,5);
fill(108,62,42);
rect(260,260,5,5);
fill(118,73,53);
rect(265,260,5,5);
fill(131,85,67);
rect(270,260,5,5);
fill(138,89,68);
rect(275,260,5,5);
fill(147,101,80);
rect(280,260,5,5);
fill(159,114,95);
rect(285,260,5,5);
fill(168,123,101);
rect(290,260,5,5);
fill(173,130,108);
rect(295,260,5,5);
fill(169,126,104);
rect(300,260,5,5);
fill(170,127,103);
rect(305,260,5,5);
fill(176,132,109);
rect(310,260,5,5);
fill(175,132,111);
rect(315,260,5,5);
fill(51,41,31);
rect(320,260,5,5);
fill(65,56,45);
rect(325,260,5,5);
fill(62,53,45);
rect(330,260,5,5);
fill(65,56,54);
rect(335,260,5,5);
fill(53,47,40);
rect(340,260,5,5);
fill(45,38,30);
rect(345,260,5,5);
fill(81,63,45);
rect(350,260,5,5);
fill(65,46,31);
rect(355,260,5,5);
fill(65,46,31);
rect(360,260,5,5);
fill(62,42,28);
rect(365,260,5,5);
fill(58,38,25);
rect(370,260,5,5);

//Línea 46

noStroke();
fill(56,36,27);
rect(205,265,5,5);
fill(56,35,26);
rect(210,265,5,5);
fill(54,32,22);
rect(215,265,5,5);
fill(57,33,21);
rect(220,265,5,5);
fill(64,38,25);
rect(225,265,5,5);
fill(65,37,25);
rect(230,265,5,5);
fill(64,36,24);
rect(235,265,5,5);
fill(64,35,21);
rect(240,265,5,5);
fill(78,45,30);
rect(245,265,5,5);
fill(82,45,29);
rect(250,265,5,5);
fill(102,60,43);
rect(255,265,5,5);
fill(110,64,45);
rect(260,265,5,5);
fill(125,78,62);
rect(265,265,5,5);
fill(135,89,69);
rect(270,265,5,5);
fill(147,101,82);
rect(275,265,5,5);
fill(152,107,90);
rect(280,265,5,5);
fill(161,118,98);
rect(285,265,5,5);
fill(173,129,107);
rect(290,265,5,5);
fill(174,131,107);
rect(295,265,5,5);
fill(180,138,114);
rect(300,265,5,5);
fill(176,136,113);
rect(305,265,5,5);
fill(178,134,111);
rect(310,265,5,5);
fill(173,130,108);
rect(315,265,5,5);
fill(65,44,32);
rect(320,265,5,5);
fill(47,40,34);
rect(325,265,5,5);
fill(87,80,70);
rect(330,265,5,5);
fill(68,60,57);
rect(335,265,5,5);
fill(39,34,30);
rect(340,265,5,5);
fill(62,53,43);
rect(345,265,5,5);
fill(69,56,46);
rect(350,265,5,5);
fill(85,61,49);
rect(355,265,5,5);
fill(60,42,28);
rect(360,265,5,5);
fill(59,40,26);
rect(365,265,5,5);

//Línea 47

noStroke();
fill(52,32,23);
rect(205,270,5,5);
fill(59,41,30);
rect(210,270,5,5);
fill(52,32,24);
rect(215,270,5,5);
fill(53,30,23);
rect(220,270,5,5);
fill(55,31,20);
rect(225,270,5,5);
fill(61,33,21);
rect(230,270,5,5);
fill(62,34,22);
rect(235,270,5,5);
fill(62,34,23);
rect(240,270,5,5);
fill(71,39,26);
rect(245,270,5,5);
fill(88,51,33);
rect(250,270,5,5);
fill(102,60,45);
rect(255,270,5,5);
fill(101,56,41);
rect(260,270,5,5);
fill(125,78,62);
rect(265,270,5,5);
fill(133,85,69);
rect(270,270,5,5);
fill(143,96,81);
rect(275,270,5,5);
fill(157,113,97);
rect(280,270,5,5);
fill(167,123,105);
rect(285,270,5,5);
fill(172,132,110);
rect(290,270,5,5);
fill(176,134,110);
rect(295,270,5,5);
fill(180,139,116);
rect(300,270,5,5);
fill(179,138,115);
rect(305,270,5,5);
fill(170,130,105);
rect(310,270,5,5);
fill(74,48,30);
rect(315,270,5,5);
fill(47,40,34);
rect(320,270,5,5);
fill(52,43,38);
rect(325,270,5,5);
fill(78,68,58);
rect(330,270,5,5);
fill(63,56,46);
rect(335,270,5,5);
fill(70,65,59);
rect(340,270,5,5);
fill(63,54,44);
rect(345,270,5,5);
fill(76,63,50);
rect(350,270,5,5);
fill(89,71,56);
rect(355,270,5,5);
fill(57,40,27);
rect(360,270,5,5);
fill(54,35,23);
rect(365,270,5,5);

//Línea 48

noStroke();
fill(0);
rect(205,275,5,5);
fill(0);
rect(210,275,5,5);
fill(0);
rect(215,275,5,5);
fill(0);
rect(220,275,5,5);
fill(0);
rect(225,275,5,5);
fill(0);
rect(230,275,5,5);
fill(0);
rect(235,275,5,5);
fill(0);
rect(240,275,5,5);
fill(0);
rect(245,275,5,5);
fill(0);
rect(250,275,5,5);
fill(0);
rect(255,275,5,5);
fill(0);
rect(260,275,5,5);
fill(0);
rect(265,275,5,5);
fill(0);
rect(270,275,5,5);
fill(0);
rect(275,275,5,5);
fill(0);
rect(280,275,5,5);
fill(0);
rect(285,275,5,5);
fill(0);
rect(290,275,5,5);
fill(0);
rect(295,275,5,5);
fill(0);
rect(300,275,5,5);
fill(0);
rect(305,275,5,5);
fill(0);
rect(310,275,5,5);
fill(0);
rect(315,275,5,5);
fill(0);
rect(320,275,5,5);
fill(0);
rect(325,275,5,5);
fill(0);
rect(330,275,5,5);
fill(0);
rect(335,275,5,5);
fill(0);
rect(340,275,5,5);
fill(0);
rect(345,275,5,5);
fill(0);
rect(350,275,5,5);
fill(0);
rect(355,275,5,5);
fill(0);
rect(360,275,5,5);

//Línea 49

noStroke();
fill(0);
rect(205,280,5,5);
fill(0);
rect(210,280,5,5);
fill(0);
rect(215,280,5,5);
fill(0);
rect(220,280,5,5);
fill(0);
rect(225,280,5,5);
fill(0);
rect(230,280,5,5);
fill(0);
rect(235,280,5,5);
fill(0);
rect(240,280,5,5);
fill(0);
rect(245,280,5,5);
fill(0);
rect(250,280,5,5);
fill(0);
rect(255,280,5,5);
fill(0);
rect(260,280,5,5);
fill(0);
rect(265,280,5,5);
fill(0);
rect(270,280,5,5);
fill(0);
rect(275,280,5,5);
fill(0);
rect(280,280,5,5);
fill(0);
rect(285,280,5,5);
fill(0);
rect(290,280,5,5);
fill(0);
rect(295,280,5,5);
fill(0);
rect(300,280,5,5);
fill(0);
rect(305,280,5,5);
fill(0);
rect(310,280,5,5);
fill(0);
rect(315,280,5,5);
fill(0);
rect(320,280,5,5);
fill(0);
rect(325,280,5,5);
fill(0);
rect(330,280,5,5);
fill(0);
rect(335,280,5,5);
fill(0);
rect(340,280,5,5);
fill(0);
rect(345,280,5,5);
fill(0);
rect(350,280,5,5);
fill(0);
rect(355,280,5,5);
fill(0);
rect(360,280,5,5);

//Línea 50

noStroke();
fill(0);
rect(205,285,5,5);
fill(0);
rect(210,285,5,5);
fill(0);
rect(215,285,5,5);
fill(0);
rect(220,285,5,5);
fill(0);
rect(225,285,5,5);
fill(0);
rect(230,285,5,5);
fill(0);
rect(235,285,5,5);
fill(0);
rect(240,285,5,5);
fill(0);
rect(245,285,5,5);
fill(0);
rect(250,285,5,5);
fill(0);
rect(255,285,5,5);
fill(0);
rect(260,285,5,5);
fill(0);
rect(265,285,5,5);
fill(0);
rect(270,285,5,5);
fill(0);
rect(275,285,5,5);
fill(0);
rect(280,285,5,5);
fill(0);
rect(285,285,5,5);
fill(0);
rect(290,285,5,5);
fill(0);
rect(295,285,5,5);
fill(0);
rect(300,285,5,5);
fill(0);
rect(305,285,5,5);
fill(0);
rect(310,285,5,5);
fill(0);
rect(315,285,5,5);
fill(0);
rect(320,285,5,5);
fill(0);
rect(325,285,5,5);
fill(0);
rect(330,285,5,5);
fill(0);
rect(335,285,5,5);
fill(0);
rect(340,285,5,5);
fill(0);
rect(345,285,5,5);
fill(0);
rect(350,285,5,5);
fill(0);
rect(355,285,5,5);

//Línea 51

noStroke();
fill(0);
rect(205,290,5,5);
fill(0);
rect(210,290,5,5);
fill(0);
rect(215,290,5,5);
fill(0);
rect(220,290,5,5);
fill(0);
rect(225,290,5,5);
fill(0);
rect(230,290,5,5);
fill(0);
rect(235,290,5,5);
fill(0);
rect(240,290,5,5);
fill(0);
rect(245,290,5,5);
fill(0);
rect(250,290,5,5);
fill(0);
rect(255,290,5,5);
fill(0);
rect(260,290,5,5);
fill(0);
rect(265,290,5,5);
fill(0);
rect(270,290,5,5);
fill(0);
rect(275,290,5,5);
fill(0);
rect(280,290,5,5);
fill(0);
rect(285,290,5,5);
fill(0);
rect(290,290,5,5);
fill(0);
rect(295,290,5,5);
fill(0);
rect(300,290,5,5);
fill(0);
rect(305,290,5,5);
fill(0);
rect(310,290,5,5);
fill(0);
rect(315,290,5,5);
fill(0);
rect(320,290,5,5);
fill(0);
rect(325,290,5,5);
fill(0);
rect(330,290,5,5);
fill(0);
rect(335,290,5,5);
fill(0);
rect(340,290,5,5);
fill(0);
rect(345,290,5,5);
fill(0);
rect(350,290,5,5);
fill(0);
rect(355,290,5,5);

//Línea 52

noStroke();
fill(0);
rect(205,295,5,5);
fill(0);
rect(210,295,5,5);
fill(0);
rect(215,295,5,5);
fill(0);
rect(220,295,5,5);
fill(0);
rect(225,295,5,5);
fill(0);
rect(230,295,5,5);
fill(0);
rect(235,295,5,5);
fill(0);
rect(240,295,5,5);
fill(0);
rect(245,295,5,5);
fill(0);
rect(250,295,5,5);
fill(0);
rect(255,295,5,5);
fill(0);
rect(260,295,5,5);
fill(0);
rect(265,295,5,5);
fill(0);
rect(270,295,5,5);
fill(0);
rect(275,295,5,5);
fill(0);
rect(280,295,5,5);
fill(0);
rect(285,295,5,5);
fill(0);
rect(290,295,5,5);
fill(0);
rect(295,295,5,5);
fill(0);
rect(300,295,5,5);
fill(0);
rect(305,295,5,5);
fill(0);
rect(310,295,5,5);
fill(0);
rect(315,295,5,5);
fill(0);
rect(320,295,5,5);
fill(0);
rect(325,295,5,5);
fill(0);
rect(330,295,5,5);
fill(0);
rect(335,295,5,5);
fill(0);
rect(340,295,5,5);
fill(0);
rect(345,295,5,5);
fill(0);
rect(350,295,5,5);
fill(0);
rect(355,295,5,5);

//Línea 53

noStroke();
fill(0);
rect(205,300,5,5);
fill(0);
rect(210,300,5,5);
fill(0);
rect(215,300,5,5);
fill(0);
rect(220,300,5,5);
fill(0);
rect(225,300,5,5);
fill(0);
rect(230,300,5,5);
fill(0);
rect(235,300,5,5);
fill(0);
rect(240,300,5,5);
fill(0);
rect(245,300,5,5);
fill(0);
rect(250,300,5,5);
fill(0);
rect(255,300,5,5);
fill(0);
rect(260,300,5,5);
fill(0);
rect(265,300,5,5);
fill(0);
rect(270,300,5,5);
fill(0);
rect(275,300,5,5);
fill(0);
rect(280,300,5,5);
fill(0);
rect(285,300,5,5);
fill(0);
rect(290,300,5,5);
fill(0);
rect(295,300,5,5);
fill(0);
rect(300,300,5,5);
fill(0);
rect(305,300,5,5);
fill(0);
rect(310,300,5,5);
fill(0);
rect(315,300,5,5);
fill(0);
rect(320,300,5,5);
fill(0);
rect(325,300,5,5);
fill(0);
rect(330,300,5,5);
fill(0);
rect(335,300,5,5);
fill(0);
rect(340,300,5,5);
fill(0);
rect(345,300,5,5);
fill(0);
rect(350,300,5,5);
fill(0);
rect(355,300,5,5);

//Línea 54

noStroke();
fill(0);
rect(205,305,5,5);
fill(0);
rect(210,305,5,5);
fill(0);
rect(215,305,5,5);
fill(0);
rect(220,305,5,5);
fill(0);
rect(225,305,5,5);
fill(0);
rect(230,305,5,5);
fill(0);
rect(235,305,5,5);
fill(0);
rect(240,305,5,5);
fill(0);
rect(245,305,5,5);
fill(0);
rect(250,305,5,5);
fill(0);
rect(255,305,5,5);
fill(0);
rect(260,305,5,5);
fill(0);
rect(265,305,5,5);
fill(0);
rect(270,305,5,5);
fill(0);
rect(275,305,5,5);
fill(0);
rect(280,305,5,5);
fill(0);
rect(285,305,5,5);
fill(0);
rect(290,305,5,5);
fill(0);
rect(295,305,5,5);
fill(0);
rect(300,305,5,5);
fill(0);
rect(305,305,5,5);
fill(0);
rect(310,305,5,5);
fill(0);
rect(315,305,5,5);
fill(0);
rect(320,305,5,5);
fill(0);
rect(325,305,5,5);
fill(0);
rect(330,305,5,5);
fill(0);
rect(335,305,5,5);
fill(0);
rect(340,305,5,5);
fill(0);
rect(345,305,5,5);
fill(0);
rect(350,305,5,5);
fill(0);
rect(355,305,5,5);
fill(0);
rect(360,305,5,5);

//Línea 55

noStroke();
fill(0);
rect(205,310,5,5);
fill(0);
rect(210,310,5,5);
fill(0);
rect(215,310,5,5);
fill(0);
rect(220,310,5,5);
fill(0);
rect(225,310,5,5);
fill(0);
rect(230,310,5,5);
fill(0);
rect(235,310,5,5);
fill(0);
rect(240,310,5,5);
fill(0);
rect(245,310,5,5);
fill(0);
rect(250,310,5,5);
fill(0);
rect(255,310,5,5);
fill(0);
rect(260,310,5,5);
fill(0);
rect(265,310,5,5);
fill(0);
rect(270,310,5,5);
fill(0);
rect(275,310,5,5);
fill(0);
rect(280,310,5,5);
fill(0);
rect(285,310,5,5);
fill(0);
rect(290,310,5,5);
fill(0);
rect(295,310,5,5);
fill(0);
rect(300,310,5,5);
fill(0);
rect(305,310,5,5);
fill(0);
rect(310,310,5,5);
fill(0);
rect(315,310,5,5);
fill(0);
rect(320,310,5,5);
fill(0);
rect(325,310,5,5);
fill(0);
rect(330,310,5,5);
fill(0);
rect(335,310,5,5);
fill(0);
rect(340,310,5,5);
fill(0);
rect(345,310,5,5);
fill(0);
rect(350,310,5,5);
fill(0);
rect(355,310,5,5);

//Línea 56

noStroke();
fill(0);
rect(195,315,5,5);
fill(0);
rect(200,315,5,5);
fill(0);
rect(205,315,5,5);
fill(0);
rect(210,315,5,5);
fill(0);
rect(215,315,5,5);
fill(0);
rect(220,315,5,5);
fill(0);
rect(225,315,5,5);
fill(0);
rect(230,315,5,5);
fill(0);
rect(235,315,5,5);
fill(0);
rect(240,315,5,5);
fill(0);
rect(245,315,5,5);
fill(0);
rect(250,315,5,5);
fill(0);
rect(255,315,5,5);
fill(0);
rect(260,315,5,5);
fill(0);
rect(265,315,5,5);
fill(0);
rect(270,315,5,5);
fill(0);
rect(275,315,5,5);
fill(0);
rect(280,315,5,5);
fill(0);
rect(285,315,5,5);
fill(0);
rect(290,315,5,5);
fill(0);
rect(295,315,5,5);
fill(0);
rect(300,315,5,5);
fill(0);
rect(305,315,5,5);
fill(0);
rect(310,315,5,5);
fill(0);
rect(315,315,5,5);
fill(0);
rect(320,315,5,5);
fill(0);
rect(325,315,5,5);
fill(0);
rect(330,315,5,5);
fill(0);
rect(335,315,5,5);
fill(0);
rect(340,315,5,5);
fill(0);
rect(345,315,5,5);
fill(0);
rect(350,315,5,5);
fill(0);
rect(355,315,5,5);

//Línea 57

noStroke();
fill(0);
rect(190,320,5,5);
fill(0);
rect(195,320,5,5);
fill(0);
rect(200,320,5,5);
fill(0);
rect(205,320,5,5);
fill(0);
rect(210,320,5,5);
fill(0);
rect(215,320,5,5);
fill(0);
rect(220,320,5,5);
fill(0);
rect(225,320,5,5);
fill(0);
rect(230,320,5,5);
fill(0);
rect(235,320,5,5);
fill(0);
rect(240,320,5,5);
fill(0);
rect(245,320,5,5);
fill(0);
rect(250,320,5,5);
fill(0);
rect(255,320,5,5);
fill(0);
rect(260,320,5,5);
fill(0);
rect(265,320,5,5);
fill(0);
rect(270,320,5,5);
fill(0);
rect(275,320,5,5);
fill(0);
rect(280,320,5,5);
fill(0);
rect(285,320,5,5);
fill(0);
rect(290,320,5,5);
fill(0);
rect(295,320,5,5);
fill(0);
rect(300,320,5,5);
fill(0);
rect(305,320,5,5);
fill(0);
rect(310,320,5,5);
fill(0);
rect(315,320,5,5);
fill(0);
rect(320,320,5,5);
fill(0);
rect(325,320,5,5);
fill(0);
rect(330,320,5,5);
fill(0);
rect(335,320,5,5);
fill(0);
rect(340,320,5,5);
fill(0);
rect(345,320,5,5);
fill(0);
rect(350,320,5,5);

//Línea 58

noStroke();
fill(0);
rect(175,325,5,5);
fill(0);
rect(180,325,5,5);
fill(0);
rect(185,325,5,5);
fill(0);
rect(190,325,5,5);
fill(0);
rect(195,325,5,5);
fill(0);
rect(200,325,5,5);
fill(0);
rect(205,325,5,5);
fill(0);
rect(210,325,5,5);
fill(0);
rect(215,325,5,5);
fill(0);
rect(220,325,5,5);
fill(0);
rect(225,325,5,5);
fill(0);
rect(230,325,5,5);
fill(0);
rect(235,325,5,5);
fill(0);
rect(240,325,5,5);
fill(0);
rect(245,325,5,5);
fill(0);
rect(250,325,5,5);
fill(0);
rect(255,325,5,5);
fill(0);
rect(260,325,5,5);
fill(0);
rect(265,325,5,5);
fill(0);
rect(270,325,5,5);
fill(0);
rect(275,325,5,5);
fill(0);
rect(280,325,5,5);
fill(0);
rect(285,325,5,5);
fill(0);
rect(290,325,5,5);
fill(0);
rect(295,325,5,5);
fill(0);
rect(300,325,5,5);
fill(0);
rect(305,325,5,5);
fill(0);
rect(310,325,5,5);
fill(0);
rect(315,325,5,5);
fill(0);
rect(320,325,5,5);
fill(0);
rect(325,325,5,5);
fill(0);
rect(330,325,5,5);
fill(0);
rect(335,325,5,5);
fill(0);
rect(340,325,5,5);

//Línea 59

noStroke();
fill(0);
rect(165,330,5,5);
fill(0);
rect(170,330,5,5);
fill(0);
rect(175,330,5,5);
fill(0);
rect(180,330,5,5);
fill(0);
rect(185,330,5,5);
fill(0);
rect(190,330,5,5);
fill(0);
rect(195,330,5,5);
fill(0);
rect(200,330,5,5);
fill(0);
rect(205,330,5,5);
fill(0);
rect(210,330,5,5);
fill(0);
rect(215,330,5,5);
fill(0);
rect(220,330,5,5);
fill(0);
rect(225,330,5,5);
fill(0);
rect(230,330,5,5);
fill(0);
rect(235,330,5,5);
fill(0);
rect(240,330,5,5);
fill(0);
rect(245,330,5,5);
fill(0);
rect(250,330,5,5);
fill(0);
rect(255,330,5,5);
fill(0);
rect(260,330,5,5);
fill(0);
rect(265,330,5,5);
fill(0);
rect(270,330,5,5);
fill(0);
rect(275,330,5,5);
fill(0);
rect(280,330,5,5);
fill(0);
rect(285,330,5,5);
fill(0);
rect(290,330,5,5);
fill(0);
rect(295,330,5,5);
fill(0);
rect(300,330,5,5);
fill(0);
rect(305,330,5,5);
fill(0);
rect(310,330,5,5);
fill(0);
rect(315,330,5,5);
fill(0);
rect(320,330,5,5);
fill(0);
rect(325,330,5,5);
fill(0);
rect(330,330,5,5);
fill(0);
rect(335,330,5,5);

//Línea 60

noStroke();
fill(0);
rect(155,335,5,5);
fill(0);
rect(160,335,5,5);
fill(0);
rect(165,335,5,5);
fill(0);
rect(170,335,5,5);
fill(0);
rect(175,335,5,5);
fill(0);
rect(180,335,5,5);
fill(0);
rect(185,335,5,5);
fill(0);
rect(190,335,5,5);
fill(0);
rect(195,335,5,5);
fill(0);
rect(200,335,5,5);
fill(0);
rect(205,335,5,5);
fill(0);
rect(210,335,5,5);
fill(0);
rect(215,335,5,5);
fill(0);
rect(220,335,5,5);
fill(0);
rect(225,335,5,5);
fill(0);
rect(230,335,5,5);
fill(0);
rect(235,335,5,5);
fill(0);
rect(240,335,5,5);
fill(0);
rect(245,335,5,5);
fill(0);
rect(250,335,5,5);
fill(0);
rect(255,335,5,5);
fill(0);
rect(260,335,5,5);
fill(0);
rect(265,335,5,5);
fill(0);
rect(270,335,5,5);
fill(0);
rect(275,335,5,5);
fill(0);
rect(280,335,5,5);
fill(0);
rect(285,335,5,5);
fill(0);
rect(290,335,5,5);
fill(0);
rect(295,335,5,5);
fill(0);
rect(300,335,5,5);
fill(0);
rect(305,335,5,5);
fill(0);
rect(310,335,5,5);
fill(0);
rect(315,335,5,5);
fill(0);
rect(320,335,5,5);
fill(0);
rect(325,335,5,5);
fill(0);
rect(330,335,5,5);
fill(0);
rect(335,335,5,5);
fill(0);
rect(340,335,5,5);
fill(0);
rect(345,335,5,5);

//Línea 61

noStroke();
fill(0);
rect(135,340,5,5);
fill(0);
rect(140,340,5,5);
fill(0);
rect(145,340,5,5);
fill(0);
rect(150,340,5,5);
fill(0);
rect(155,340,5,5);
fill(0);
rect(160,340,5,5);
fill(0);
rect(165,340,5,5);
fill(0);
rect(170,340,5,5);
fill(0);
rect(175,340,5,5);
fill(0);
rect(180,340,5,5);
fill(0);
rect(185,340,5,5);
fill(0);
rect(190,340,5,5);
fill(0);
rect(195,340,5,5);
fill(0);
rect(200,340,5,5);
fill(0);
rect(205,340,5,5);
fill(0);
rect(210,340,5,5);
fill(0);
rect(215,340,5,5);
fill(0);
rect(220,340,5,5);
fill(0);
rect(225,340,5,5);
fill(0);
rect(230,340,5,5);
fill(0);
rect(235,340,5,5);
fill(0);
rect(240,340,5,5);
fill(0);
rect(245,340,5,5);
fill(0);
rect(250,340,5,5);
fill(0);
rect(255,340,5,5);
fill(0);
rect(260,340,5,5);
fill(0);
rect(265,340,5,5);
fill(0);
rect(270,340,5,5);
fill(0);
rect(275,340,5,5);
fill(0);
rect(280,340,5,5);
fill(0);
rect(285,340,5,5);
fill(0);
rect(290,340,5,5);
fill(0);
rect(295,340,5,5);
fill(0);
rect(300,340,5,5);
fill(0);
rect(305,340,5,5);
fill(0);
rect(310,340,5,5);
fill(0);
rect(315,340,5,5);
fill(0);
rect(320,340,5,5);
fill(0);
rect(325,340,5,5);
fill(0);
rect(330,340,5,5);
fill(0);
rect(335,340,5,5);
fill(0);
rect(340,340,5,5);
fill(0);
rect(345,340,5,5);
fill(0);
rect(350,340,5,5);

//Línea 62

noStroke();
fill(0);
rect(125,345,5,5);
fill(0);
rect(130,345,5,5);
fill(0);
rect(135,345,5,5);
fill(0);
rect(140,345,5,5);
fill(0);
rect(145,345,5,5);
fill(0);
rect(150,345,5,5);
fill(0);
rect(155,345,5,5);
fill(0);
rect(160,345,5,5);
fill(0);
rect(165,345,5,5);
fill(0);
rect(170,345,5,5);
fill(0);
rect(175,345,5,5);
fill(0);
rect(180,345,5,5);
fill(0);
rect(185,345,5,5);
fill(0);
rect(190,345,5,5);
fill(0);
rect(195,345,5,5);
fill(0);
rect(200,345,5,5);
fill(0);
rect(205,345,5,5);
fill(0);
rect(210,345,5,5);
fill(0);
rect(215,345,5,5);
fill(0);
rect(220,345,5,5);
fill(0);
rect(225,345,5,5);
fill(0);
rect(230,345,5,5);
fill(0);
rect(235,345,5,5);
fill(0);
rect(240,345,5,5);
fill(0);
rect(245,345,5,5);
fill(0);
rect(250,345,5,5);
fill(0);
rect(255,345,5,5);
fill(0);
rect(260,345,5,5);
fill(0);
rect(265,345,5,5);
fill(0);
rect(270,345,5,5);
fill(0);
rect(275,345,5,5);
fill(0);
rect(280,345,5,5);
fill(0);
rect(285,345,5,5);
fill(0);
rect(290,345,5,5);
fill(0);
rect(295,345,5,5);
fill(0);
rect(300,345,5,5);
fill(0);
rect(305,345,5,5);
fill(0);
rect(310,345,5,5);
fill(0);
rect(315,345,5,5);
fill(0);
rect(320,345,5,5);
fill(0);
rect(325,345,5,5);
fill(0);
rect(330,345,5,5);
fill(0);
rect(335,345,5,5);
fill(0);
rect(340,345,5,5);
fill(0);
rect(345,345,5,5);
fill(0);
rect(350,345,5,5);
fill(0);
rect(355,345,5,5);
fill(0);
rect(360,345,5,5);
fill(0);
rect(365,345,5,5);
fill(0);
rect(370,345,5,5);

//Línea 63

noStroke();
fill(0);
rect(110,350,5,5);
fill(0);
rect(115,350,5,5);
fill(0);
rect(120,350,5,5);
fill(0);
rect(125,350,5,5);
fill(0);
rect(130,350,5,5);
fill(0);
rect(135,350,5,5);
fill(0);
rect(140,350,5,5);
fill(0);
rect(145,350,5,5);
fill(0);
rect(150,350,5,5);
fill(0);
rect(155,350,5,5);
fill(0);
rect(160,350,5,5);
fill(0);
rect(165,350,5,5);
fill(0);
rect(170,350,5,5);
fill(0);
rect(175,350,5,5);
fill(0);
rect(180,350,5,5);
fill(0);
rect(185,350,5,5);
fill(0);
rect(190,350,5,5);
fill(0);
rect(195,350,5,5);
fill(0);
rect(200,350,5,5);
fill(0);
rect(205,350,5,5);
fill(0);
rect(210,350,5,5);
fill(0);
rect(215,350,5,5);
fill(0);
rect(220,350,5,5);
fill(0);
rect(225,350,5,5);
fill(0);
rect(230,350,5,5);
fill(0);
rect(235,350,5,5);
fill(0);
rect(240,350,5,5);
fill(0);
rect(245,350,5,5);
fill(0);
rect(250,350,5,5);
fill(0);
rect(255,350,5,5);
fill(0);
rect(260,350,5,5);
fill(0);
rect(265,350,5,5);
fill(0);
rect(270,350,5,5);
fill(0);
rect(275,350,5,5);
fill(0);
rect(280,350,5,5);
fill(0);
rect(285,350,5,5);
fill(0);
rect(290,350,5,5);
fill(0);
rect(295,350,5,5);
fill(0);
rect(300,350,5,5);
fill(0);
rect(305,350,5,5);
fill(0);
rect(310,350,5,5);
fill(0);
rect(315,350,5,5);
fill(0);
rect(320,350,5,5);
fill(0);
rect(325,350,5,5);
fill(0);
rect(330,350,5,5);
fill(0);
rect(335,350,5,5);
fill(0);
rect(340,350,5,5);
fill(0);
rect(345,350,5,5);
fill(0);
rect(350,350,5,5);
fill(0);
rect(355,350,5,5);
fill(0);
rect(360,350,5,5);
fill(0);
rect(365,350,5,5);
fill(0);
rect(370,350,5,5);
fill(0);
rect(375,350,5,5);
fill(0);
rect(380,350,5,5);
fill(0);
rect(385,350,5,5);
fill(0);
rect(390,350,5,5);

//Línea 64

noStroke();
fill(0);
rect(90,355,5,5);
fill(0);
rect(95,355,5,5);
fill(0);
rect(100,355,5,5);
fill(0);
rect(105,355,5,5);
fill(0);
rect(110,355,5,5);
fill(0);
rect(115,355,5,5);
fill(0);
rect(120,355,5,5);
fill(0);
rect(125,355,5,5);
fill(0);
rect(130,355,5,5);
fill(0);
rect(135,355,5,5);
fill(0);
rect(140,355,5,5);
fill(0);
rect(145,355,5,5);
fill(0);
rect(150,355,5,5);
fill(0);
rect(155,355,5,5);
fill(0);
rect(160,355,5,5);
fill(0);
rect(165,355,5,5);
fill(0);
rect(170,355,5,5);
fill(0);
rect(175,355,5,5);
fill(0);
rect(180,355,5,5);
fill(0);
rect(185,355,5,5);
fill(0);
rect(190,355,5,5);
fill(0);
rect(195,355,5,5);
fill(0);
rect(200,355,5,5);
fill(0);
rect(205,355,5,5);
fill(0);
rect(210,355,5,5);
fill(0);
rect(215,355,5,5);
fill(0);
rect(220,355,5,5);
fill(0);
rect(225,355,5,5);
fill(0);
rect(230,355,5,5);
fill(0);
rect(235,355,5,5);
fill(0);
rect(240,355,5,5);
fill(0);
rect(245,355,5,5);
fill(0);
rect(250,355,5,5);
fill(0);
rect(255,355,5,5);
fill(0);
rect(260,355,5,5);
fill(0);
rect(265,355,5,5);
fill(0);
rect(270,355,5,5);
fill(0);
rect(275,355,5,5);
fill(0);
rect(280,355,5,5);
fill(0);
rect(285,355,5,5);
fill(0);
rect(290,355,5,5);
fill(0);
rect(295,355,5,5);
fill(0);
rect(300,355,5,5);
fill(0);
rect(305,355,5,5);
fill(0);
rect(310,355,5,5);
fill(0);
rect(315,355,5,5);
fill(0);
rect(320,355,5,5);
fill(0);
rect(325,355,5,5);
fill(0);
rect(330,355,5,5);
fill(0);
rect(335,355,5,5);
fill(0);
rect(340,355,5,5);
fill(0);
rect(345,355,5,5);
fill(0);
rect(350,355,5,5);
fill(0);
rect(355,355,5,5);
fill(0);
rect(360,355,5,5);
fill(0);
rect(365,355,5,5);
fill(0);
rect(370,355,5,5);
fill(0);
rect(375,355,5,5);
fill(0);
rect(380,355,5,5);
fill(0);
rect(385,355,5,5);
fill(0);
rect(390,355,5,5);
fill(0);
rect(395,355,5,5);
fill(0);
rect(400,355,5,5);

//Línea 65

noStroke();
fill(0);
rect(75,360,5,5);
fill(0);
rect(80,360,5,5);
fill(0);
rect(85,360,5,5);
fill(0);
rect(90,360,5,5);
fill(0);
rect(95,360,5,5);
fill(0);
rect(100,360,5,5);
fill(0);
rect(105,360,5,5);
fill(0);
rect(110,360,5,5);
fill(0);
rect(115,360,5,5);
fill(0);
rect(120,360,5,5);
fill(0);
rect(125,360,5,5);
fill(0);
rect(130,360,5,5);
fill(0);
rect(135,360,5,5);
fill(0);
rect(140,360,5,5);
fill(0);
rect(145,360,5,5);
fill(0);
rect(150,360,5,5);
fill(0);
rect(155,360,5,5);
fill(0);
rect(160,360,5,5);
fill(0);
rect(165,360,5,5);
fill(0);
rect(170,360,5,5);
fill(0);
rect(175,360,5,5);
fill(0);
rect(180,360,5,5);
fill(0);
rect(185,360,5,5);
fill(0);
rect(190,360,5,5);
fill(0);
rect(195,360,5,5);
fill(0);
rect(200,360,5,5);
fill(0);
rect(205,360,5,5);
fill(0);
rect(210,360,5,5);
fill(0);
rect(215,360,5,5);
fill(0);
rect(220,360,5,5);
fill(0);
rect(225,360,5,5);
fill(0);
rect(230,360,5,5);
fill(0);
rect(235,360,5,5);
fill(0);
rect(240,360,5,5);
fill(0);
rect(245,360,5,5);
fill(0);
rect(250,360,5,5);
fill(0);
rect(255,360,5,5);
fill(0);
rect(260,360,5,5);
fill(0);
rect(265,360,5,5);
fill(0);
rect(270,360,5,5);
fill(0);
rect(275,360,5,5);
fill(0);
rect(280,360,5,5);
fill(0);
rect(285,360,5,5);
fill(0);
rect(290,360,5,5);
fill(0);
rect(295,360,5,5);
fill(0);
rect(300,360,5,5);
fill(0);
rect(305,360,5,5);
fill(0);
rect(310,360,5,5);
fill(0);
rect(315,360,5,5);
fill(0);
rect(320,360,5,5);
fill(0);
rect(325,360,5,5);
fill(0);
rect(330,360,5,5);
fill(0);
rect(335,360,5,5);
fill(0);
rect(340,360,5,5);
fill(0);
rect(345,360,5,5);
fill(0);
rect(350,360,5,5);
fill(0);
rect(355,360,5,5);
fill(0);
rect(360,360,5,5);
fill(0);
rect(365,360,5,5);
fill(0);
rect(370,360,5,5);
fill(0);
rect(375,360,5,5);
fill(0);
rect(380,360,5,5);
fill(0);
rect(385,360,5,5);
fill(0);
rect(390,360,5,5);
fill(0);
rect(395,360,5,5);
fill(0);
rect(400,360,5,5);
fill(0);
rect(405,360,5,5);
fill(0);
rect(410,360,5,5);
fill(0);
rect(415,360,5,5);

//Línea 66

noStroke();
fill(0);
rect(70,365,5,5);
fill(0);
rect(75,365,5,5);
fill(0);
rect(80,365,5,5);
fill(0);
rect(85,365,5,5);
fill(0);
rect(90,365,5,5);
fill(0);
rect(95,365,5,5);
fill(0);
rect(100,365,5,5);
fill(0);
rect(105,365,5,5);
fill(0);
rect(110,365,5,5);
fill(0);
rect(115,365,5,5);
fill(0);
rect(120,365,5,5);
fill(0);
rect(125,365,5,5);
fill(0);
rect(130,365,5,5);
fill(0);
rect(135,365,5,5);
fill(0);
rect(140,365,5,5);
fill(0);
rect(145,365,5,5);
fill(0);
rect(150,365,5,5);
fill(0);
rect(155,365,5,5);
fill(0);
rect(160,365,5,5);
fill(0);
rect(165,365,5,5);
fill(0);
rect(170,365,5,5);
fill(0);
rect(175,365,5,5);
fill(0);
rect(180,365,5,5);
fill(0);
rect(185,365,5,5);
fill(0);
rect(190,365,5,5);
fill(0);
rect(195,365,5,5);
fill(0);
rect(200,365,5,5);
fill(0);
rect(205,365,5,5);
fill(0);
rect(210,365,5,5);
fill(0);
rect(215,365,5,5);
fill(0);
rect(220,365,5,5);
fill(0);
rect(225,365,5,5);
fill(0);
rect(230,365,5,5);
fill(0);
rect(235,365,5,5);
fill(0);
rect(240,365,5,5);
fill(0);
rect(245,365,5,5);
fill(0);
rect(250,365,5,5);
fill(0);
rect(255,365,5,5);
fill(0);
rect(260,365,5,5);
fill(0);
rect(265,365,5,5);
fill(0);
rect(270,365,5,5);
fill(0);
rect(275,365,5,5);
fill(0);
rect(280,365,5,5);
fill(0);
rect(285,365,5,5);
fill(0);
rect(290,365,5,5);
fill(0);
rect(295,365,5,5);
fill(0);
rect(300,365,5,5);
fill(0);
rect(305,365,5,5);
fill(0);
rect(310,365,5,5);
fill(0);
rect(315,365,5,5);
fill(0);
rect(320,365,5,5);
fill(0);
rect(325,365,5,5);
fill(0);
rect(330,365,5,5);
fill(0);
rect(335,365,5,5);
fill(0);
rect(340,365,5,5);
fill(0);
rect(345,365,5,5);
fill(0);
rect(350,365,5,5);
fill(0);
rect(355,365,5,5);
fill(0);
rect(360,365,5,5);
fill(0);
rect(365,365,5,5);
fill(0);
rect(370,365,5,5);
fill(0);
rect(375,365,5,5);
fill(0);
rect(380,365,5,5);
fill(0);
rect(385,365,5,5);
fill(0);
rect(390,365,5,5);
fill(0);
rect(395,365,5,5);
fill(0);
rect(400,365,5,5);
fill(0);
rect(405,365,5,5);
fill(0);
rect(410,365,5,5);
fill(0);
rect(415,365,5,5);
fill(0);
rect(420,365,5,5);
fill(0);
rect(425,365,5,5);

//Línea 67

noStroke();
fill(0);
rect(65,370,5,5);
fill(0);
rect(70,370,5,5);
fill(0);
rect(75,370,5,5);
fill(0);
rect(80,370,5,5);
fill(0);
rect(85,370,5,5);
fill(0);
rect(90,370,5,5);
fill(0);
rect(95,370,5,5);
fill(0);
rect(100,370,5,5);
fill(0);
rect(105,370,5,5);
fill(0);
rect(110,370,5,5);
fill(0);
rect(115,370,5,5);
fill(0);
rect(120,370,5,5);
fill(0);
rect(125,370,5,5);
fill(0);
rect(130,370,5,5);
fill(0);
rect(135,370,5,5);
fill(0);
rect(140,370,5,5);
fill(0);
rect(145,370,5,5);
fill(0);
rect(150,370,5,5);
fill(0);
rect(155,370,5,5);
fill(0);
rect(160,370,5,5);
fill(0);
rect(165,370,5,5);
fill(0);
rect(170,370,5,5);
fill(0);
rect(175,370,5,5);
fill(0);
rect(180,370,5,5);
fill(0);
rect(185,370,5,5);
fill(0);
rect(190,370,5,5);
fill(0);
rect(195,370,5,5);
fill(0);
rect(200,370,5,5);
fill(0);
rect(205,370,5,5);
fill(0);
rect(210,370,5,5);
fill(0);
rect(215,370,5,5);
fill(0);
rect(220,370,5,5);
fill(0);
rect(225,370,5,5);
fill(0);
rect(230,370,5,5);
fill(0);
rect(235,370,5,5);
fill(0);
rect(240,370,5,5);
fill(0);
rect(245,370,5,5);
fill(0);
rect(250,370,5,5);
fill(0);
rect(255,370,5,5);
fill(0);
rect(260,370,5,5);
fill(0);
rect(265,370,5,5);
fill(0);
rect(270,370,5,5);
fill(0);
rect(275,370,5,5);
fill(0);
rect(280,370,5,5);
fill(0);
rect(285,370,5,5);
fill(0);
rect(290,370,5,5);
fill(0);
rect(295,370,5,5);
fill(0);
rect(300,370,5,5);
fill(0);
rect(305,370,5,5);
fill(0);
rect(310,370,5,5);
fill(0);
rect(315,370,5,5);
fill(0);
rect(320,370,5,5);
fill(0);
rect(325,370,5,5);
fill(0);
rect(330,370,5,5);
fill(0);
rect(335,370,5,5);
fill(0);
rect(340,370,5,5);
fill(0);
rect(345,370,5,5);
fill(0);
rect(350,370,5,5);
fill(0);
rect(355,370,5,5);
fill(0);
rect(360,370,5,5);
fill(0);
rect(365,370,5,5);
fill(0);
rect(370,370,5,5);
fill(0);
rect(375,370,5,5);
fill(0);
rect(380,370,5,5);
fill(0);
rect(385,370,5,5);
fill(0);
rect(390,370,5,5);
fill(0);
rect(395,370,5,5);
fill(0);
rect(400,370,5,5);
fill(0);
rect(405,370,5,5);
fill(0);
rect(410,370,5,5);
fill(0);
rect(415,370,5,5);
fill(0);
rect(420,370,5,5);
fill(0);
rect(425,370,5,5);
fill(0);
rect(430,370,5,5);

//Línea 68

noStroke();
fill(0);
rect(60,375,5,5);
fill(0);
rect(65,375,5,5);
fill(0);
rect(70,375,5,5);
fill(0);
rect(75,375,5,5);
fill(0);
rect(80,375,5,5);
fill(0);
rect(85,375,5,5);
fill(0);
rect(90,375,5,5);
fill(0);
rect(95,375,5,5);
fill(0);
rect(100,375,5,5);
fill(0);
rect(105,375,5,5);
fill(0);
rect(110,375,5,5);
fill(0);
rect(115,375,5,5);
fill(0);
rect(120,375,5,5);
fill(0);
rect(125,375,5,5);
fill(0);
rect(130,375,5,5);
fill(0);
rect(135,375,5,5);
fill(0);
rect(140,375,5,5);
fill(0);
rect(145,375,5,5);
fill(0);
rect(150,375,5,5);
fill(0);
rect(155,375,5,5);
fill(0);
rect(160,375,5,5);
fill(0);
rect(165,375,5,5);
fill(0);
rect(170,375,5,5);
fill(0);
rect(175,375,5,5);
fill(0);
rect(180,375,5,5);
fill(0);
rect(185,375,5,5);
fill(0);
rect(190,375,5,5);
fill(0);
rect(195,375,5,5);
fill(0);
rect(200,375,5,5);
fill(0);
rect(205,375,5,5);
fill(0);
rect(210,375,5,5);
fill(0);
rect(215,375,5,5);
fill(0);
rect(220,375,5,5);
fill(0);
rect(225,375,5,5);
fill(0);
rect(230,375,5,5);
fill(0);
rect(235,375,5,5);
fill(0);
rect(240,375,5,5);
fill(0);
rect(245,375,5,5);
fill(0);
rect(250,375,5,5);
fill(0);
rect(255,375,5,5);
fill(0);
rect(260,375,5,5);
fill(0);
rect(265,375,5,5);
fill(0);
rect(270,375,5,5);
fill(0);
rect(275,375,5,5);
fill(0);
rect(280,375,5,5);
fill(0);
rect(285,375,5,5);
fill(0);
rect(290,375,5,5);
fill(0);
rect(295,375,5,5);
fill(0);
rect(300,375,5,5);
fill(0);
rect(305,375,5,5);
fill(0);
rect(310,375,5,5);
fill(0);
rect(315,375,5,5);
fill(0);
rect(320,375,5,5);
fill(0);
rect(325,375,5,5);
fill(0);
rect(330,375,5,5);
fill(0);
rect(335,375,5,5);
fill(0);
rect(340,375,5,5);
fill(0);
rect(345,375,5,5);
fill(0);
rect(350,375,5,5);
fill(0);
rect(355,375,5,5);
fill(0);
rect(360,375,5,5);
fill(0);
rect(365,375,5,5);
fill(0);
rect(370,375,5,5);
fill(0);
rect(375,375,5,5);
fill(0);
rect(380,375,5,5);
fill(0);
rect(385,375,5,5);
fill(0);
rect(390,375,5,5);
fill(0);
rect(395,375,5,5);
fill(0);
rect(400,375,5,5);
fill(0);
rect(405,375,5,5);
fill(0);
rect(410,375,5,5);
fill(0);
rect(415,375,5,5);
fill(0);
rect(420,375,5,5);
fill(0);
rect(425,375,5,5);
fill(0);
rect(430,375,5,5);
fill(0);
rect(435,375,5,5);

//Línea 69

noStroke();
fill(0);
rect(55,380,5,5);
fill(0);
rect(60,380,5,5);
fill(0);
rect(65,380,5,5);
fill(0);
rect(70,380,5,5);
fill(0);
rect(75,380,5,5);
fill(0);
rect(80,380,5,5);
fill(0);
rect(85,380,5,5);
fill(0);
rect(90,380,5,5);
fill(0);
rect(95,380,5,5);
fill(0);
rect(100,380,5,5);
fill(0);
rect(105,380,5,5);
fill(0);
rect(110,380,5,5);
fill(0);
rect(115,380,5,5);
fill(0);
rect(120,380,5,5);
fill(0);
rect(125,380,5,5);
fill(0);
rect(130,380,5,5);
fill(0);
rect(135,380,5,5);
fill(0);
rect(140,380,5,5);
fill(0);
rect(145,380,5,5);
fill(0);
rect(150,380,5,5);
fill(0);
rect(155,380,5,5);
fill(0);
rect(160,380,5,5);
fill(0);
rect(165,380,5,5);
fill(0);
rect(170,380,5,5);
fill(0);
rect(175,380,5,5);
fill(0);
rect(180,380,5,5);
fill(0);
rect(185,380,5,5);
fill(0);
rect(190,380,5,5);
fill(0);
rect(195,380,5,5);
fill(0);
rect(200,380,5,5);
fill(0);
rect(205,380,5,5);
fill(0);
rect(210,380,5,5);
fill(0);
rect(215,380,5,5);
fill(0);
rect(220,380,5,5);
fill(0);
rect(225,380,5,5);
fill(0);
rect(230,380,5,5);
fill(0);
rect(235,380,5,5);
fill(0);
rect(240,380,5,5);
fill(0);
rect(245,380,5,5);
fill(0);
rect(250,380,5,5);
fill(0);
rect(255,380,5,5);
fill(0);
rect(260,380,5,5);
fill(0);
rect(265,380,5,5);
fill(0);
rect(270,380,5,5);
fill(0);
rect(275,380,5,5);
fill(0);
rect(280,380,5,5);
fill(0);
rect(285,380,5,5);
fill(0);
rect(290,380,5,5);
fill(0);
rect(295,380,5,5);
fill(0);
rect(300,380,5,5);
fill(0);
rect(305,380,5,5);
fill(0);
rect(310,380,5,5);
fill(0);
rect(315,380,5,5);
fill(0);
rect(320,380,5,5);
fill(0);
rect(325,380,5,5);
fill(0);
rect(330,380,5,5);
fill(0);
rect(335,380,5,5);
fill(0);
rect(340,380,5,5);
fill(0);
rect(345,380,5,5);
fill(0);
rect(350,380,5,5);
fill(0);
rect(355,380,5,5);
fill(0);
rect(360,380,5,5);
fill(0);
rect(365,380,5,5);
fill(0);
rect(370,380,5,5);
fill(0);
rect(375,380,5,5);
fill(0);
rect(380,380,5,5);
fill(0);
rect(385,380,5,5);
fill(0);
rect(390,380,5,5);
fill(0);
rect(395,380,5,5);
fill(0);
rect(400,380,5,5);
fill(0);
rect(405,380,5,5);
fill(0);
rect(410,380,5,5);
fill(0);
rect(415,380,5,5);
fill(0);
rect(420,380,5,5);
fill(0);
rect(425,380,5,5);
fill(0);
rect(430,380,5,5);
fill(0);
rect(435,380,5,5);
fill(0);
rect(440,380,5,5);
